"PreSens Measurement Studio 2","3.0.1.1413",""
"Date","Time","Channel","User","SensorID","Sensor_Name","delta_t","Time_Unit","Value","O2_Unit","Mode","Phase","Phase_Unit","Amplitude","Amplitude_Unit","Temp","Temp_Unit","Pressure","Pressure_Unit","Salinity","Salinity_Unit","Error","Cal0","Cal0_Unit","T0","T0_Unit","O2Cal2nd","O2_Unit","Cal2nd","Cal2nd_Unit","T2nd","T2nd_Unit","CalPressure","CalPressure_Unit","f1","dPhi1","dkSv1","dPhi2","dkSv2","m","Cal_Mode","SignalLEDCurrent","User_Signal_Intensity","ReferenceLEDCurrent","Reference_Amplitude","Device_Serial","FwVersion","SwVersion","Sensor_Type","BatchID","Calibration_Date","Sensor_Lot","PreSens_Calibr","Battery_Voltage","Battery_Voltage_Unit"
"10/22/2019","10:23:21","10","default","328281339","OXY_CH10","0.000","min","131.494","μmol/L","Humid","21.018","deg","131690","µV","39.018","°C","1014.000","hPa","36.0","pmil","0","55.560","deg","20.000","°C","100.000","%a.s.","22.340","deg","20.000","°C","962.000","hPa","0.861","-0.02617","0.00035","0","0","13.56","Humid","31.50","0","54.10","285192.67","SABD0002000014","AAV2.0.0.13","3.0.1.1413","PSt7-10","180509-029","9/13/2019 10:47:01 AM","0000-00","0","no battery","V"
"10/22/2019","10:23:22","10","default","328281339","OXY_CH10","0.014","min","131.436","μmol/L","Humid","21.020","deg","131649","µV","39.024","°C","1014.000","hPa","36.0","pmil","0","55.560","deg","20.000","°C","100.000","%a.s.","22.340","deg","20.000","°C","962.000","hPa","0.861","-0.02617","0.00035","0","0","13.56","Humid","31.50","0","54.10","285124.72","SABD0002000014","AAV2.0.0.13","3.0.1.1413","PSt7-10","180509-029","9/13/2019 10:47:01 AM","0000-00","0","no battery","V"
"10/22/2019","10:23:23","10","default","328281339","OXY_CH10","0.031","min","131.436","μmol/L","Humid","21.020","deg","131625","µV","39.024","°C","1014.000","hPa","36.0","pmil","0","55.560","deg","20.000","°C","100.000","%a.s.","22.340","deg","20.000","°C","962.000","hPa","0.861","-0.02617","0.00035","0","0","13.56","Humid","31.50","0","54.10","285082.14","SABD0002000014","AAV2.0.0.13","3.0.1.1413","PSt7-10","180509-029","9/13/2019 10:47:01 AM","0000-00","0","no battery","V"
"10/22/2019","10:23:24","10","default","328281339","OXY_CH10","0.047","min","131.366","μmol/L","Humid","21.026","deg","131604","µV","39.024","°C","1014.000","hPa","36.0","pmil","0","55.560","deg","20.000","°C","100.000","%a.s.","22.340","deg","20.000","°C","962.000","hPa","0.861","-0.02617","0.00035","0","0","13.56","Humid","31.50","0","54.10","285054.86","SABD0002000014","AAV2.0.0.13","3.0.1.1413","PSt7-10","180509-029","9/13/2019 10:47:01 AM","0000-00","0","no battery","V"
"10/22/2019","10:23:25","10","default","328281339","OXY_CH10","0.064","min","131.471","μmol/L","Humid","21.020","deg","131608","µV","39.018","°C","1014.000","hPa","36.0","pmil","0","55.560","deg","20.000","°C","100.000","%a.s.","22.340","deg","20.000","°C","962.000","hPa","0.861","-0.02617","0.00035","0","0","13.56","Humid","31.50","0","54.10","285057.62","SABD0002000014","AAV2.0.0.13","3.0.1.1413","PSt7-10","180509-029","9/13/2019 10:47:01 AM","0000-00","0","no battery","V"
"10/22/2019","10:23:26","10","default","328281339","OXY_CH10","0.080","min","131.389","μmol/L","Humid","21.024","deg","131603","µV","39.024","°C","1014.000","hPa","36.0","pmil","0","55.560","deg","20.000","°C","100.000","%a.s.","22.340","deg","20.000","°C","962.000","hPa","0.861","-0.02617","0.00035","0","0","13.56","Humid","31.50","0","54.10","285029.81","SABD0002000014","AAV2.0.0.13","3.0.1.1413","PSt7-10","180509-029","9/13/2019 10:47:01 AM","0000-00","0","no battery","V"
"10/22/2019","10:23:27","10","default","328281339","OXY_CH10","0.097","min","131.401","μmol/L","Humid","21.023","deg","131591","µV","39.024","°C","1014.000","hPa","36.0","pmil","0","55.560","deg","20.000","°C","100.000","%a.s.","22.340","deg","20.000","°C","962.000","hPa","0.861","-0.02617","0.00035","0","0","13.56","Humid","31.50","0","54.10","285018.63","SABD0002000014","AAV2.0.0.13","3.0.1.1413","PSt7-10","180509-029","9/13/2019 10:47:01 AM","0000-00","0","no battery","V"
"10/22/2019","10:23:28","10","default","328281339","OXY_CH10","0.113","min","131.424","μmol/L","Humid","21.024","deg","131589","µV","39.018","°C","1014.000","hPa","36.0","pmil","0","55.560","deg","20.000","°C","100.000","%a.s.","22.340","deg","20.000","°C","962.000","hPa","0.861","-0.02617","0.00035","0","0","13.56","Humid","31.50","0","54.10","284998.83","SABD0002000014","AAV2.0.0.13","3.0.1.1413","PSt7-10","180509-029","9/13/2019 10:47:01 AM","0000-00","0","no battery","V"
"10/22/2019","10:23:29","10","default","328281339","OXY_CH10","0.131","min","131.401","μmol/L","Humid","21.026","deg","131591","µV","39.018","°C","1014.000","hPa","36.0","pmil","0","55.560","deg","20.000","°C","100.000","%a.s.","22.340","deg","20.000","°C","962.000","hPa","0.861","-0.02617","0.00035","0","0","13.56","Humid","31.50","0","54.10","285009.09","SABD0002000014","AAV2.0.0.13","3.0.1.1413","PSt7-10","180509-029","9/13/2019 10:47:01 AM","0000-00","0","no battery","V"
"10/22/2019","10:23:30","10","default","328281339","OXY_CH10","0.147","min","131.400","μmol/L","Humid","21.029","deg","131589","µV","39.012","°C","1014.000","hPa","36.0","pmil","0","55.560","deg","20.000","°C","100.000","%a.s.","22.340","deg","20.000","°C","962.000","hPa","0.861","-0.02617","0.00035","0","0","13.56","Humid","31.50","0","54.10","284988.16","SABD0002000014","AAV2.0.0.13","3.0.1.1413","PSt7-10","180509-029","9/13/2019 10:47:01 AM","0000-00","0","no battery","V"
"10/22/2019","10:23:31","10","default","328281339","OXY_CH10","0.164","min","131.319","μmol/L","Humid","21.030","deg","131600","µV","39.024","°C","1014.000","hPa","36.0","pmil","0","55.560","deg","20.000","°C","100.000","%a.s.","22.340","deg","20.000","°C","962.000","hPa","0.861","-0.02617","0.00035","0","0","13.56","Humid","31.50","0","54.10","284993.72","SABD0002000014","AAV2.0.0.13","3.0.1.1413","PSt7-10","180509-029","9/13/2019 10:47:01 AM","0000-00","0","no battery","V"
"10/22/2019","10:23:32","10","default","328281339","OXY_CH10","0.180","min","131.354","μmol/L","Humid","21.030","deg","131590","µV","39.018","°C","1014.000","hPa","36.0","pmil","0","55.560","deg","20.000","°C","100.000","%a.s.","22.340","deg","20.000","°C","962.000","hPa","0.861","-0.02617","0.00035","0","0","13.56","Humid","31.50","0","54.10","284970.20","SABD0002000014","AAV2.0.0.13","3.0.1.1413","PSt7-10","180509-029","9/13/2019 10:47:01 AM","0000-00","0","no battery","V"
"10/22/2019","10:23:33","10","default","328281339","OXY_CH10","0.197","min","131.331","μmol/L","Humid","21.029","deg","131597","µV","39.024","°C","1014.000","hPa","36.0","pmil","0","55.560","deg","20.000","°C","100.000","%a.s.","22.340","deg","20.000","°C","962.000","hPa","0.861","-0.02617","0.00035","0","0","13.56","Humid","31.50","0","54.10","284978.24","SABD0002000014","AAV2.0.0.13","3.0.1.1413","PSt7-10","180509-029","9/13/2019 10:47:01 AM","0000-00","0","no battery","V"
"10/22/2019","10:23:34","10","default","328281339","OXY_CH10","0.214","min","131.343","μmol/L","Humid","21.028","deg","131599","µV","39.024","°C","1014.000","hPa","36.0","pmil","0","55.560","deg","20.000","°C","100.000","%a.s.","22.340","deg","20.000","°C","962.000","hPa","0.861","-0.02617","0.00035","0","0","13.56","Humid","31.50","0","54.10","284970.86","SABD0002000014","AAV2.0.0.13","3.0.1.1413","PSt7-10","180509-029","9/13/2019 10:47:01 AM","0000-00","0","no battery","V"
"10/22/2019","10:23:35","10","default","328281339","OXY_CH10","0.231","min","131.354","μmol/L","Humid","21.030","deg","131595","µV","39.018","°C","1014.000","hPa","36.0","pmil","0","55.560","deg","20.000","°C","100.000","%a.s.","22.340","deg","20.000","°C","962.000","hPa","0.861","-0.02617","0.00035","0","0","13.56","Humid","31.50","0","54.10","284964.42","SABD0002000014","AAV2.0.0.13","3.0.1.1413","PSt7-10","180509-029","9/13/2019 10:47:01 AM","0000-00","0","no battery","V"
"10/22/2019","10:23:36","10","default","328281339","OXY_CH10","0.247","min","131.296","μmol/L","Humid","21.032","deg","131586","µV","39.024","°C","1014.000","hPa","36.0","pmil","0","55.560","deg","20.000","°C","100.000","%a.s.","22.340","deg","20.000","°C","962.000","hPa","0.861","-0.02617","0.00035","0","0","13.56","Humid","31.50","0","54.10","284962.83","SABD0002000014","AAV2.0.0.13","3.0.1.1413","PSt7-10","180509-029","9/13/2019 10:47:01 AM","0000-00","0","no battery","V"
"10/22/2019","10:23:37","10","default","328281339","OXY_CH10","0.264","min","131.296","μmol/L","Humid","21.032","deg","131589","µV","39.024","°C","1014.000","hPa","36.0","pmil","0","55.560","deg","20.000","°C","100.000","%a.s.","22.340","deg","20.000","°C","962.000","hPa","0.861","-0.02617","0.00035","0","0","13.56","Humid","31.50","0","54.10","284960.10","SABD0002000014","AAV2.0.0.13","3.0.1.1413","PSt7-10","180509-029","9/13/2019 10:47:01 AM","0000-00","0","no battery","V"
"10/22/2019","10:23:38","10","default","328281339","OXY_CH10","0.280","min","131.319","μmol/L","Humid","21.033","deg","131592","µV","39.018","°C","1014.000","hPa","36.0","pmil","0","55.560","deg","20.000","°C","100.000","%a.s.","22.340","deg","20.000","°C","962.000","hPa","0.861","-0.02617","0.00035","0","0","13.56","Humid","31.50","0","54.10","284959.67","SABD0002000014","AAV2.0.0.13","3.0.1.1413","PSt7-10","180509-029","9/13/2019 10:47:01 AM","0000-00","0","no battery","V"
"10/22/2019","10:23:39","10","default","328281339","OXY_CH10","0.297","min","131.295","μmol/L","Humid","21.035","deg","131599","µV","39.018","°C","1014.000","hPa","36.0","pmil","0","55.560","deg","20.000","°C","100.000","%a.s.","22.340","deg","20.000","°C","962.000","hPa","0.861","-0.02617","0.00035","0","0","13.56","Humid","31.50","0","54.10","284950.16","SABD0002000014","AAV2.0.0.13","3.0.1.1413","PSt7-10","180509-029","9/13/2019 10:47:01 AM","0000-00","0","no battery","V"
"10/22/2019","10:23:40","10","default","328281339","OXY_CH10","0.314","min","131.238","μmol/L","Humid","21.037","deg","131596","µV","39.024","°C","1014.000","hPa","36.0","pmil","0","55.560","deg","20.000","°C","100.000","%a.s.","22.340","deg","20.000","°C","962.000","hPa","0.861","-0.02617","0.00035","0","0","13.56","Humid","31.50","0","54.10","284952.78","SABD0002000014","AAV2.0.0.13","3.0.1.1413","PSt7-10","180509-029","9/13/2019 10:47:01 AM","0000-00","0","no battery","V"
"10/22/2019","10:23:41","10","default","328281339","OXY_CH10","0.331","min","131.226","μmol/L","Humid","21.038","deg","131604","µV","39.024","°C","1014.000","hPa","36.0","pmil","0","55.560","deg","20.000","°C","100.000","%a.s.","22.340","deg","20.000","°C","962.000","hPa","0.861","-0.02617","0.00035","0","0","13.56","Humid","31.50","0","54.10","284947.31","SABD0002000014","AAV2.0.0.13","3.0.1.1413","PSt7-10","180509-029","9/13/2019 10:47:01 AM","0000-00","0","no battery","V"
"10/22/2019","10:23:42","10","default","328281339","OXY_CH10","0.347","min","131.295","μmol/L","Humid","21.035","deg","131600","µV","39.018","°C","1014.000","hPa","36.0","pmil","0","55.560","deg","20.000","°C","100.000","%a.s.","22.340","deg","20.000","°C","962.000","hPa","0.861","-0.02617","0.00035","0","0","13.56","Humid","31.50","0","54.10","284936.77","SABD0002000014","AAV2.0.0.13","3.0.1.1413","PSt7-10","180509-029","9/13/2019 10:47:01 AM","0000-00","0","no battery","V"
"10/22/2019","10:23:43","10","default","328281339","OXY_CH10","0.364","min","131.261","μmol/L","Humid","21.035","deg","131599","µV","39.024","°C","1014.000","hPa","36.0","pmil","0","55.560","deg","20.000","°C","100.000","%a.s.","22.340","deg","20.000","°C","962.000","hPa","0.861","-0.02617","0.00035","0","0","13.56","Humid","31.50","0","54.10","284933.34","SABD0002000014","AAV2.0.0.13","3.0.1.1413","PSt7-10","180509-029","9/13/2019 10:47:01 AM","0000-00","0","no battery","V"
"10/22/2019","10:23:44","10","default","328281339","OXY_CH10","0.380","min","131.273","μmol/L","Humid","21.034","deg","131593","µV","39.024","°C","1014.000","hPa","36.0","pmil","0","55.560","deg","20.000","°C","100.000","%a.s.","22.340","deg","20.000","°C","962.000","hPa","0.861","-0.02617","0.00035","0","0","13.56","Humid","31.50","0","54.10","284931.88","SABD0002000014","AAV2.0.0.13","3.0.1.1413","PSt7-10","180509-029","9/13/2019 10:47:01 AM","0000-00","0","no battery","V"
"10/22/2019","10:23:45","10","default","328281339","OXY_CH10","0.402","min","131.192","μmol/L","Humid","21.035","deg","131599","µV","39.037","°C","1014.000","hPa","36.0","pmil","0","55.560","deg","20.000","°C","100.000","%a.s.","22.340","deg","20.000","°C","962.000","hPa","0.861","-0.02617","0.00035","0","0","13.56","Humid","31.50","0","54.10","284945.09","SABD0002000014","AAV2.0.0.13","3.0.1.1413","PSt7-10","180509-029","9/13/2019 10:47:01 AM","0000-00","0","no battery","V"
"10/22/2019","10:23:46","10","default","328281339","OXY_CH10","0.414","min","131.191","μmol/L","Humid","21.038","deg","131576","µV","39.031","°C","1014.000","hPa","36.0","pmil","0","55.560","deg","20.000","°C","100.000","%a.s.","22.340","deg","20.000","°C","962.000","hPa","0.861","-0.02617","0.00035","0","0","13.56","Humid","31.50","0","54.10","284904.75","SABD0002000014","AAV2.0.0.13","3.0.1.1413","PSt7-10","180509-029","9/13/2019 10:47:01 AM","0000-00","0","no battery","V"
"10/22/2019","10:23:47","10","default","328281339","OXY_CH10","0.431","min","131.284","μmol/L","Humid","21.036","deg","131576","µV","39.018","°C","1014.000","hPa","36.0","pmil","0","55.560","deg","20.000","°C","100.000","%a.s.","22.340","deg","20.000","°C","962.000","hPa","0.861","-0.02617","0.00035","0","0","13.56","Humid","31.50","0","54.10","284911.49","SABD0002000014","AAV2.0.0.13","3.0.1.1413","PSt7-10","180509-029","9/13/2019 10:47:01 AM","0000-00","0","no battery","V"
"10/22/2019","10:23:48","10","default","328281339","OXY_CH10","0.447","min","131.260","μmol/L","Humid","21.038","deg","131581","µV","39.018","°C","1014.000","hPa","36.0","pmil","0","55.560","deg","20.000","°C","100.000","%a.s.","22.340","deg","20.000","°C","962.000","hPa","0.861","-0.02617","0.00035","0","0","13.56","Humid","31.50","0","54.10","284926.48","SABD0002000014","AAV2.0.0.13","3.0.1.1413","PSt7-10","180509-029","9/13/2019 10:47:01 AM","0000-00","0","no battery","V"
"10/22/2019","10:23:49","10","default","328281339","OXY_CH10","0.464","min","131.214","μmol/L","Humid","21.039","deg","131578","µV","39.024","°C","1014.000","hPa","36.0","pmil","0","55.560","deg","20.000","°C","100.000","%a.s.","22.340","deg","20.000","°C","962.000","hPa","0.861","-0.02617","0.00035","0","0","13.56","Humid","31.50","0","54.10","284909.77","SABD0002000014","AAV2.0.0.13","3.0.1.1413","PSt7-10","180509-029","9/13/2019 10:47:01 AM","0000-00","0","no battery","V"
"10/22/2019","10:23:50","10","default","328281339","OXY_CH10","0.481","min","131.237","μmol/L","Humid","21.040","deg","131577","µV","39.018","°C","1014.000","hPa","36.0","pmil","0","55.560","deg","20.000","°C","100.000","%a.s.","22.340","deg","20.000","°C","962.000","hPa","0.861","-0.02617","0.00035","0","0","13.56","Humid","31.50","0","54.10","284913.73","SABD0002000014","AAV2.0.0.13","3.0.1.1413","PSt7-10","180509-029","9/13/2019 10:47:01 AM","0000-00","0","no battery","V"
"10/22/2019","10:23:51","10","default","328281339","OXY_CH10","0.498","min","131.214","μmol/L","Humid","21.039","deg","131572","µV","39.024","°C","1014.000","hPa","36.0","pmil","0","55.560","deg","20.000","°C","100.000","%a.s.","22.340","deg","20.000","°C","962.000","hPa","0.861","-0.02617","0.00035","0","0","13.56","Humid","31.50","0","54.10","284911.54","SABD0002000014","AAV2.0.0.13","3.0.1.1413","PSt7-10","180509-029","9/13/2019 10:47:01 AM","0000-00","0","no battery","V"
"10/22/2019","10:23:52","10","default","328281339","OXY_CH10","0.514","min","131.226","μmol/L","Humid","21.038","deg","131568","µV","39.024","°C","1014.000","hPa","36.0","pmil","0","55.560","deg","20.000","°C","100.000","%a.s.","22.340","deg","20.000","°C","962.000","hPa","0.861","-0.02617","0.00035","0","0","13.56","Humid","31.50","0","54.10","284901.90","SABD0002000014","AAV2.0.0.13","3.0.1.1413","PSt7-10","180509-029","9/13/2019 10:47:01 AM","0000-00","0","no battery","V"
"10/22/2019","10:23:53","10","default","328281339","OXY_CH10","0.531","min","131.249","μmol/L","Humid","21.039","deg","131563","µV","39.018","°C","1014.000","hPa","36.0","pmil","0","55.560","deg","20.000","°C","100.000","%a.s.","22.340","deg","20.000","°C","962.000","hPa","0.861","-0.02617","0.00035","0","0","13.56","Humid","31.50","0","54.10","284895.88","SABD0002000014","AAV2.0.0.13","3.0.1.1413","PSt7-10","180509-029","9/13/2019 10:47:01 AM","0000-00","0","no battery","V"
"10/22/2019","10:23:54","10","default","328281339","OXY_CH10","0.547","min","131.214","μmol/L","Humid","21.039","deg","131557","µV","39.024","°C","1014.000","hPa","36.0","pmil","0","55.560","deg","20.000","°C","100.000","%a.s.","22.340","deg","20.000","°C","962.000","hPa","0.861","-0.02617","0.00035","0","0","13.56","Humid","31.50","0","54.10","284895.27","SABD0002000014","AAV2.0.0.13","3.0.1.1413","PSt7-10","180509-029","9/13/2019 10:47:01 AM","0000-00","0","no battery","V"
"10/22/2019","10:23:55","10","default","328281339","OXY_CH10","0.564","min","131.272","μmol/L","Humid","21.037","deg","131557","µV","39.018","°C","1014.000","hPa","36.0","pmil","0","55.560","deg","20.000","°C","100.000","%a.s.","22.340","deg","20.000","°C","962.000","hPa","0.861","-0.02617","0.00035","0","0","13.56","Humid","31.50","0","54.10","284883.89","SABD0002000014","AAV2.0.0.13","3.0.1.1413","PSt7-10","180509-029","9/13/2019 10:47:01 AM","0000-00","0","no battery","V"
"10/22/2019","10:23:56","10","default","328281339","OXY_CH10","0.581","min","131.225","μmol/L","Humid","21.041","deg","131567","µV","39.018","°C","1014.000","hPa","36.0","pmil","0","55.560","deg","20.000","°C","100.000","%a.s.","22.340","deg","20.000","°C","962.000","hPa","0.861","-0.02617","0.00035","0","0","13.56","Humid","31.50","0","54.10","284890.78","SABD0002000014","AAV2.0.0.13","3.0.1.1413","PSt7-10","180509-029","9/13/2019 10:47:01 AM","0000-00","0","no battery","V"
"10/22/2019","10:23:57","10","default","328281339","OXY_CH10","0.597","min","131.225","μmol/L","Humid","21.041","deg","131561","µV","39.018","°C","1014.000","hPa","36.0","pmil","0","55.560","deg","20.000","°C","100.000","%a.s.","22.340","deg","20.000","°C","962.000","hPa","0.861","-0.02617","0.00035","0","0","13.56","Humid","31.50","0","54.10","284898.60","SABD0002000014","AAV2.0.0.13","3.0.1.1413","PSt7-10","180509-029","9/13/2019 10:47:01 AM","0000-00","0","no battery","V"
"10/22/2019","10:23:58","10","default","328281339","OXY_CH10","0.614","min","131.191","μmol/L","Humid","21.041","deg","131565","µV","39.024","°C","1014.000","hPa","36.0","pmil","0","55.560","deg","20.000","°C","100.000","%a.s.","22.340","deg","20.000","°C","962.000","hPa","0.861","-0.02617","0.00035","0","0","13.56","Humid","31.50","0","54.10","284879.21","SABD0002000014","AAV2.0.0.13","3.0.1.1413","PSt7-10","180509-029","9/13/2019 10:47:01 AM","0000-00","0","no battery","V"
"10/22/2019","10:23:59","10","default","328281339","OXY_CH10","0.631","min","131.225","μmol/L","Humid","21.041","deg","131559","µV","39.018","°C","1014.000","hPa","36.0","pmil","0","55.560","deg","20.000","°C","100.000","%a.s.","22.340","deg","20.000","°C","962.000","hPa","0.861","-0.02617","0.00035","0","0","13.56","Humid","31.50","0","54.10","284885.65","SABD0002000014","AAV2.0.0.13","3.0.1.1413","PSt7-10","180509-029","9/13/2019 10:47:01 AM","0000-00","0","no battery","V"
"10/22/2019","10:24:00","10","default","328281339","OXY_CH10","0.647","min","131.214","μmol/L","Humid","21.042","deg","131565","µV","39.018","°C","1014.000","hPa","36.0","pmil","0","55.560","deg","20.000","°C","100.000","%a.s.","22.340","deg","20.000","°C","962.000","hPa","0.861","-0.02617","0.00035","0","0","13.56","Humid","31.50","0","54.10","284870.86","SABD0002000014","AAV2.0.0.13","3.0.1.1413","PSt7-10","180509-029","9/13/2019 10:47:01 AM","0000-00","0","no battery","V"
"10/22/2019","10:24:01","10","default","328281339","OXY_CH10","0.664","min","131.145","μmol/L","Humid","21.042","deg","131561","µV","39.031","°C","1014.000","hPa","36.0","pmil","0","55.560","deg","20.000","°C","100.000","%a.s.","22.340","deg","20.000","°C","962.000","hPa","0.861","-0.02617","0.00035","0","0","13.56","Humid","31.50","0","54.10","284869.23","SABD0002000014","AAV2.0.0.13","3.0.1.1413","PSt7-10","180509-029","9/13/2019 10:47:01 AM","0000-00","0","no battery","V"
"10/22/2019","10:24:02","10","default","328281339","OXY_CH10","0.681","min","131.144","μmol/L","Humid","21.045","deg","131566","µV","39.024","°C","1014.000","hPa","36.0","pmil","0","55.560","deg","20.000","°C","100.000","%a.s.","22.340","deg","20.000","°C","962.000","hPa","0.861","-0.02617","0.00035","0","0","13.56","Humid","31.50","0","54.10","284877.61","SABD0002000014","AAV2.0.0.13","3.0.1.1413","PSt7-10","180509-029","9/13/2019 10:47:01 AM","0000-00","0","no battery","V"
"10/22/2019","10:24:03","10","default","328281339","OXY_CH10","0.697","min","131.179","μmol/L","Humid","21.045","deg","131557","µV","39.018","°C","1014.000","hPa","36.0","pmil","0","55.560","deg","20.000","°C","100.000","%a.s.","22.340","deg","20.000","°C","962.000","hPa","0.861","-0.02617","0.00035","0","0","13.56","Humid","31.50","0","54.10","284866.51","SABD0002000014","AAV2.0.0.13","3.0.1.1413","PSt7-10","180509-029","9/13/2019 10:47:01 AM","0000-00","0","no battery","V"
"10/22/2019","10:24:04","10","default","328281339","OXY_CH10","0.714","min","131.237","μmol/L","Humid","21.043","deg","131551","µV","39.012","°C","1014.000","hPa","36.0","pmil","0","55.560","deg","20.000","°C","100.000","%a.s.","22.340","deg","20.000","°C","962.000","hPa","0.861","-0.02617","0.00035","0","0","13.56","Humid","31.50","0","54.10","284870.37","SABD0002000014","AAV2.0.0.13","3.0.1.1413","PSt7-10","180509-029","9/13/2019 10:47:01 AM","0000-00","0","no battery","V"
"10/22/2019","10:24:05","10","default","328281339","OXY_CH10","0.730","min","131.179","μmol/L","Humid","21.045","deg","131553","µV","39.018","°C","1014.000","hPa","36.0","pmil","0","55.560","deg","20.000","°C","100.000","%a.s.","22.340","deg","20.000","°C","962.000","hPa","0.861","-0.02617","0.00035","0","0","13.56","Humid","31.50","0","54.10","284859.46","SABD0002000014","AAV2.0.0.13","3.0.1.1413","PSt7-10","180509-029","9/13/2019 10:47:01 AM","0000-00","0","no battery","V"
"10/22/2019","10:24:06","10","default","328281339","OXY_CH10","0.747","min","131.225","μmol/L","Humid","21.044","deg","131557","µV","39.012","°C","1014.000","hPa","36.0","pmil","0","55.560","deg","20.000","°C","100.000","%a.s.","22.340","deg","20.000","°C","962.000","hPa","0.861","-0.02617","0.00035","0","0","13.56","Humid","31.50","0","54.10","284865.84","SABD0002000014","AAV2.0.0.13","3.0.1.1413","PSt7-10","180509-029","9/13/2019 10:47:01 AM","0000-00","0","no battery","V"
"10/22/2019","10:24:07","10","default","328281339","OXY_CH10","0.764","min","131.191","μmol/L","Humid","21.044","deg","131551","µV","39.018","°C","1014.000","hPa","36.0","pmil","0","55.560","deg","20.000","°C","100.000","%a.s.","22.340","deg","20.000","°C","962.000","hPa","0.861","-0.02617","0.00035","0","0","13.56","Humid","31.50","0","54.10","284854.69","SABD0002000014","AAV2.0.0.13","3.0.1.1413","PSt7-10","180509-029","9/13/2019 10:47:01 AM","0000-00","0","no battery","V"
"10/22/2019","10:24:08","10","default","328281339","OXY_CH10","0.781","min","131.179","μmol/L","Humid","21.045","deg","131556","µV","39.018","°C","1014.000","hPa","36.0","pmil","0","55.560","deg","20.000","°C","100.000","%a.s.","22.340","deg","20.000","°C","962.000","hPa","0.861","-0.02617","0.00035","0","0","13.56","Humid","31.50","0","54.10","284855.67","SABD0002000014","AAV2.0.0.13","3.0.1.1413","PSt7-10","180509-029","9/13/2019 10:47:01 AM","0000-00","0","no battery","V"
"10/22/2019","10:24:09","10","default","328281339","OXY_CH10","0.798","min","131.167","μmol/L","Humid","21.046","deg","131557","µV","39.018","°C","1014.000","hPa","36.0","pmil","0","55.560","deg","20.000","°C","100.000","%a.s.","22.340","deg","20.000","°C","962.000","hPa","0.861","-0.02617","0.00035","0","0","13.56","Humid","31.50","0","54.10","284858.65","SABD0002000014","AAV2.0.0.13","3.0.1.1413","PSt7-10","180509-029","9/13/2019 10:47:01 AM","0000-00","0","no battery","V"
"10/22/2019","10:24:10","10","default","328281339","OXY_CH10","0.814","min","131.132","μmol/L","Humid","21.049","deg","131555","µV","39.018","°C","1014.000","hPa","36.0","pmil","0","55.560","deg","20.000","°C","100.000","%a.s.","22.340","deg","20.000","°C","962.000","hPa","0.861","-0.02617","0.00035","0","0","13.56","Humid","31.50","0","54.10","284851.99","SABD0002000014","AAV2.0.0.13","3.0.1.1413","PSt7-10","180509-029","9/13/2019 10:47:01 AM","0000-00","0","no battery","V"
"10/22/2019","10:24:11","10","default","328281339","OXY_CH10","0.830","min","131.190","μmol/L","Humid","21.047","deg","131563","µV","39.012","°C","1014.000","hPa","36.0","pmil","0","55.560","deg","20.000","°C","100.000","%a.s.","22.340","deg","20.000","°C","962.000","hPa","0.861","-0.02617","0.00035","0","0","13.56","Humid","31.50","0","54.10","284850.05","SABD0002000014","AAV2.0.0.13","3.0.1.1413","PSt7-10","180509-029","9/13/2019 10:47:01 AM","0000-00","0","no battery","V"
"10/22/2019","10:24:12","10","default","328281339","OXY_CH10","0.847","min","131.190","μmol/L","Humid","21.047","deg","131548","µV","39.012","°C","1014.000","hPa","36.0","pmil","0","55.560","deg","20.000","°C","100.000","%a.s.","22.340","deg","20.000","°C","962.000","hPa","0.861","-0.02617","0.00035","0","0","13.56","Humid","31.50","0","54.10","284847.27","SABD0002000014","AAV2.0.0.13","3.0.1.1413","PSt7-10","180509-029","9/13/2019 10:47:01 AM","0000-00","0","no battery","V"
"10/22/2019","10:24:13","10","default","328281339","OXY_CH10","0.864","min","131.190","μmol/L","Humid","21.047","deg","131554","µV","39.012","°C","1014.000","hPa","36.0","pmil","0","55.560","deg","20.000","°C","100.000","%a.s.","22.340","deg","20.000","°C","962.000","hPa","0.861","-0.02617","0.00035","0","0","13.56","Humid","31.50","0","54.10","284839.88","SABD0002000014","AAV2.0.0.13","3.0.1.1413","PSt7-10","180509-029","9/13/2019 10:47:01 AM","0000-00","0","no battery","V"
"10/22/2019","10:24:14","10","default","328281339","OXY_CH10","0.880","min","131.190","μmol/L","Humid","21.047","deg","131549","µV","39.012","°C","1014.000","hPa","36.0","pmil","0","55.560","deg","20.000","°C","100.000","%a.s.","22.340","deg","20.000","°C","962.000","hPa","0.861","-0.02617","0.00035","0","0","13.56","Humid","31.50","0","54.10","284845.74","SABD0002000014","AAV2.0.0.13","3.0.1.1413","PSt7-10","180509-029","9/13/2019 10:47:01 AM","0000-00","0","no battery","V"
"10/22/2019","10:24:15","10","default","328281339","OXY_CH10","0.898","min","131.202","μmol/L","Humid","21.046","deg","131557","µV","39.012","°C","1014.000","hPa","36.0","pmil","0","55.560","deg","20.000","°C","100.000","%a.s.","22.340","deg","20.000","°C","962.000","hPa","0.861","-0.02617","0.00035","0","0","13.56","Humid","31.50","0","54.10","284827.21","SABD0002000014","AAV2.0.0.13","3.0.1.1413","PSt7-10","180509-029","9/13/2019 10:47:01 AM","0000-00","0","no battery","V"
"10/22/2019","10:24:16","10","default","328281339","OXY_CH10","0.914","min","131.156","μmol/L","Humid","21.047","deg","131553","µV","39.018","°C","1014.000","hPa","36.0","pmil","0","55.560","deg","20.000","°C","100.000","%a.s.","22.340","deg","20.000","°C","962.000","hPa","0.861","-0.02617","0.00035","0","0","13.56","Humid","31.50","0","54.10","284841.38","SABD0002000014","AAV2.0.0.13","3.0.1.1413","PSt7-10","180509-029","9/13/2019 10:47:01 AM","0000-00","0","no battery","V"
"10/22/2019","10:24:17","10","default","328281339","OXY_CH10","0.930","min","131.155","μmol/L","Humid","21.050","deg","131551","µV","39.012","°C","1014.000","hPa","36.0","pmil","0","55.560","deg","20.000","°C","100.000","%a.s.","22.340","deg","20.000","°C","962.000","hPa","0.861","-0.02617","0.00035","0","0","13.56","Humid","31.50","0","54.10","284824.62","SABD0002000014","AAV2.0.0.13","3.0.1.1413","PSt7-10","180509-029","9/13/2019 10:47:01 AM","0000-00","0","no battery","V"
"10/22/2019","10:24:18","10","default","328281339","OXY_CH10","0.947","min","131.167","μmol/L","Humid","21.049","deg","131549","µV","39.012","°C","1014.000","hPa","36.0","pmil","0","55.560","deg","20.000","°C","100.000","%a.s.","22.340","deg","20.000","°C","962.000","hPa","0.861","-0.02617","0.00035","0","0","13.56","Humid","31.50","0","54.10","284821.53","SABD0002000014","AAV2.0.0.13","3.0.1.1413","PSt7-10","180509-029","9/13/2019 10:47:01 AM","0000-00","0","no battery","V"
"10/22/2019","10:24:19","10","default","328281339","OXY_CH10","0.964","min","131.120","μmol/L","Humid","21.053","deg","131546","µV","39.012","°C","1014.000","hPa","36.0","pmil","0","55.560","deg","20.000","°C","100.000","%a.s.","22.340","deg","20.000","°C","962.000","hPa","0.861","-0.02617","0.00035","0","0","13.56","Humid","31.50","0","54.10","284820.56","SABD0002000014","AAV2.0.0.13","3.0.1.1413","PSt7-10","180509-029","9/13/2019 10:47:01 AM","0000-00","0","no battery","V"
"10/22/2019","10:24:20","10","default","328281339","OXY_CH10","0.981","min","131.144","μmol/L","Humid","21.048","deg","131546","µV","39.018","°C","1014.000","hPa","36.0","pmil","0","55.560","deg","20.000","°C","100.000","%a.s.","22.340","deg","20.000","°C","962.000","hPa","0.861","-0.02617","0.00035","0","0","13.56","Humid","31.50","0","54.10","284824.08","SABD0002000014","AAV2.0.0.13","3.0.1.1413","PSt7-10","180509-029","9/13/2019 10:47:01 AM","0000-00","0","no battery","V"
"10/22/2019","10:24:21","10","default","328281339","OXY_CH10","0.997","min","131.167","μmol/L","Humid","21.049","deg","131540","µV","39.012","°C","1014.000","hPa","36.0","pmil","0","55.560","deg","20.000","°C","100.000","%a.s.","22.340","deg","20.000","°C","962.000","hPa","0.861","-0.02617","0.00035","0","0","13.56","Humid","31.50","0","54.10","284813.41","SABD0002000014","AAV2.0.0.13","3.0.1.1413","PSt7-10","180509-029","9/13/2019 10:47:01 AM","0000-00","0","no battery","V"
"10/22/2019","10:24:22","10","default","328281339","OXY_CH10","1.014","min","131.167","μmol/L","Humid","21.049","deg","131549","µV","39.012","°C","1014.000","hPa","36.0","pmil","0","55.560","deg","20.000","°C","100.000","%a.s.","22.340","deg","20.000","°C","962.000","hPa","0.861","-0.02617","0.00035","0","0","13.56","Humid","31.50","0","54.10","284809.23","SABD0002000014","AAV2.0.0.13","3.0.1.1413","PSt7-10","180509-029","9/13/2019 10:47:01 AM","0000-00","0","no battery","V"
"10/22/2019","10:24:23","10","default","328281339","OXY_CH10","1.031","min","131.086","μmol/L","Humid","21.053","deg","131551","µV","39.018","°C","1014.000","hPa","36.0","pmil","0","55.560","deg","20.000","°C","100.000","%a.s.","22.340","deg","20.000","°C","962.000","hPa","0.861","-0.02617","0.00035","0","0","13.56","Humid","31.50","0","54.10","284809.96","SABD0002000014","AAV2.0.0.13","3.0.1.1413","PSt7-10","180509-029","9/13/2019 10:47:01 AM","0000-00","0","no battery","V"
"10/22/2019","10:24:24","10","default","328281339","OXY_CH10","1.047","min","131.155","μmol/L","Humid","21.050","deg","131544","µV","39.012","°C","1014.000","hPa","36.0","pmil","0","55.560","deg","20.000","°C","100.000","%a.s.","22.340","deg","20.000","°C","962.000","hPa","0.861","-0.02617","0.00035","0","0","13.56","Humid","31.50","0","54.10","284806.94","SABD0002000014","AAV2.0.0.13","3.0.1.1413","PSt7-10","180509-029","9/13/2019 10:47:01 AM","0000-00","0","no battery","V"
"10/22/2019","10:24:25","10","default","328281339","OXY_CH10","1.064","min","131.121","μmol/L","Humid","21.050","deg","131543","µV","39.018","°C","1014.000","hPa","36.0","pmil","0","55.560","deg","20.000","°C","100.000","%a.s.","22.340","deg","20.000","°C","962.000","hPa","0.861","-0.02617","0.00035","0","0","13.56","Humid","31.50","0","54.10","284800.31","SABD0002000014","AAV2.0.0.13","3.0.1.1413","PSt7-10","180509-029","9/13/2019 10:47:01 AM","0000-00","0","no battery","V"
"10/22/2019","10:24:26","10","default","328281339","OXY_CH10","1.081","min","131.097","μmol/L","Humid","21.052","deg","131534","µV","39.018","°C","1014.000","hPa","36.0","pmil","0","55.560","deg","20.000","°C","100.000","%a.s.","22.340","deg","20.000","°C","962.000","hPa","0.861","-0.02617","0.00035","0","0","13.56","Humid","31.50","0","54.10","284800.74","SABD0002000014","AAV2.0.0.13","3.0.1.1413","PSt7-10","180509-029","9/13/2019 10:47:01 AM","0000-00","0","no battery","V"
"10/22/2019","10:24:27","10","default","328281339","OXY_CH10","1.097","min","131.086","μmol/L","Humid","21.053","deg","131546","µV","39.018","°C","1014.000","hPa","36.0","pmil","0","55.560","deg","20.000","°C","100.000","%a.s.","22.340","deg","20.000","°C","962.000","hPa","0.861","-0.02617","0.00035","0","0","13.56","Humid","31.50","0","54.10","284792.05","SABD0002000014","AAV2.0.0.13","3.0.1.1413","PSt7-10","180509-029","9/13/2019 10:47:01 AM","0000-00","0","no battery","V"
"10/22/2019","10:24:28","10","default","328281339","OXY_CH10","1.114","min","131.097","μmol/L","Humid","21.055","deg","131543","µV","39.012","°C","1014.000","hPa","36.0","pmil","0","55.560","deg","20.000","°C","100.000","%a.s.","22.340","deg","20.000","°C","962.000","hPa","0.861","-0.02617","0.00035","0","0","13.56","Humid","31.50","0","54.10","284798.74","SABD0002000014","AAV2.0.0.13","3.0.1.1413","PSt7-10","180509-029","9/13/2019 10:47:01 AM","0000-00","0","no battery","V"
"10/22/2019","10:24:29","10","default","328281339","OXY_CH10","1.130","min","131.097","μmol/L","Humid","21.055","deg","131544","µV","39.012","°C","1014.000","hPa","36.0","pmil","0","55.560","deg","20.000","°C","100.000","%a.s.","22.340","deg","20.000","°C","962.000","hPa","0.861","-0.02617","0.00035","0","0","13.56","Humid","31.50","0","54.10","284794.38","SABD0002000014","AAV2.0.0.13","3.0.1.1413","PSt7-10","180509-029","9/13/2019 10:47:01 AM","0000-00","0","no battery","V"
"10/22/2019","10:24:30","10","default","328281339","OXY_CH10","1.148","min","131.120","μmol/L","Humid","21.053","deg","131547","µV","39.012","°C","1014.000","hPa","36.0","pmil","0","55.560","deg","20.000","°C","100.000","%a.s.","22.340","deg","20.000","°C","962.000","hPa","0.861","-0.02617","0.00035","0","0","13.56","Humid","31.50","0","54.10","284796.74","SABD0002000014","AAV2.0.0.13","3.0.1.1413","PSt7-10","180509-029","9/13/2019 10:47:01 AM","0000-00","0","no battery","V"
"10/22/2019","10:24:31","10","default","328281339","OXY_CH10","1.164","min","131.108","μmol/L","Humid","21.054","deg","131546","µV","39.012","°C","1014.000","hPa","36.0","pmil","0","55.560","deg","20.000","°C","100.000","%a.s.","22.340","deg","20.000","°C","962.000","hPa","0.861","-0.02617","0.00035","0","0","13.56","Humid","31.50","0","54.10","284786.82","SABD0002000014","AAV2.0.0.13","3.0.1.1413","PSt7-10","180509-029","9/13/2019 10:47:01 AM","0000-00","0","no battery","V"
"10/22/2019","10:24:32","10","default","328281339","OXY_CH10","1.180","min","131.108","μmol/L","Humid","21.057","deg","131554","µV","39.006","°C","1014.000","hPa","36.0","pmil","0","55.560","deg","20.000","°C","100.000","%a.s.","22.340","deg","20.000","°C","962.000","hPa","0.861","-0.02617","0.00035","0","0","13.56","Humid","31.50","0","54.10","284788.56","SABD0002000014","AAV2.0.0.13","3.0.1.1413","PSt7-10","180509-029","9/13/2019 10:47:01 AM","0000-00","0","no battery","V"
"10/22/2019","10:24:33","10","default","328281339","OXY_CH10","1.197","min","131.074","μmol/L","Humid","21.057","deg","131546","µV","39.012","°C","1014.000","hPa","36.0","pmil","0","55.560","deg","20.000","°C","100.000","%a.s.","22.340","deg","20.000","°C","962.000","hPa","0.861","-0.02617","0.00035","0","0","13.56","Humid","31.50","0","54.10","284789.77","SABD0002000014","AAV2.0.0.13","3.0.1.1413","PSt7-10","180509-029","9/13/2019 10:47:01 AM","0000-00","0","no battery","V"
"10/22/2019","10:24:34","10","default","328281339","OXY_CH10","1.214","min","131.097","μmol/L","Humid","21.055","deg","131548","µV","39.012","°C","1014.000","hPa","36.0","pmil","0","55.560","deg","20.000","°C","100.000","%a.s.","22.340","deg","20.000","°C","962.000","hPa","0.861","-0.02617","0.00035","0","0","13.56","Humid","31.50","0","54.10","284792.65","SABD0002000014","AAV2.0.0.13","3.0.1.1413","PSt7-10","180509-029","9/13/2019 10:47:01 AM","0000-00","0","no battery","V"
"10/22/2019","10:24:35","10","default","328281339","OXY_CH10","1.230","min","131.097","μmol/L","Humid","21.055","deg","131535","µV","39.012","°C","1014.000","hPa","36.0","pmil","0","55.560","deg","20.000","°C","100.000","%a.s.","22.340","deg","20.000","°C","962.000","hPa","0.861","-0.02617","0.00035","0","0","13.56","Humid","31.50","0","54.10","284773.78","SABD0002000014","AAV2.0.0.13","3.0.1.1413","PSt7-10","180509-029","9/13/2019 10:47:01 AM","0000-00","0","no battery","V"
"10/22/2019","10:24:36","10","default","328281339","OXY_CH10","1.247","min","131.074","μmol/L","Humid","21.057","deg","131537","µV","39.012","°C","1014.000","hPa","36.0","pmil","0","55.560","deg","20.000","°C","100.000","%a.s.","22.340","deg","20.000","°C","962.000","hPa","0.861","-0.02617","0.00035","0","0","13.56","Humid","31.50","0","54.10","284785.51","SABD0002000014","AAV2.0.0.13","3.0.1.1413","PSt7-10","180509-029","9/13/2019 10:47:01 AM","0000-00","0","no battery","V"
"10/22/2019","10:24:37","10","default","328281339","OXY_CH10","1.264","min","131.108","μmol/L","Humid","21.054","deg","131544","µV","39.012","°C","1014.000","hPa","36.0","pmil","0","55.560","deg","20.000","°C","100.000","%a.s.","22.340","deg","20.000","°C","962.000","hPa","0.861","-0.02617","0.00035","0","0","13.56","Humid","31.50","0","54.10","284769.44","SABD0002000014","AAV2.0.0.13","3.0.1.1413","PSt7-10","180509-029","9/13/2019 10:47:01 AM","0000-00","0","no battery","V"
"10/22/2019","10:24:38","10","default","328281339","OXY_CH10","1.281","min","131.016","μmol/L","Humid","21.059","deg","131542","µV","39.018","°C","1014.000","hPa","36.0","pmil","0","55.560","deg","20.000","°C","100.000","%a.s.","22.340","deg","20.000","°C","962.000","hPa","0.861","-0.02617","0.00035","0","0","13.56","Humid","31.50","0","54.10","284765.82","SABD0002000014","AAV2.0.0.13","3.0.1.1413","PSt7-10","180509-029","9/13/2019 10:47:01 AM","0000-00","0","no battery","V"
"10/22/2019","10:24:39","10","default","328281339","OXY_CH10","1.297","min","131.062","μmol/L","Humid","21.055","deg","131537","µV","39.018","°C","1014.000","hPa","36.0","pmil","0","55.560","deg","20.000","°C","100.000","%a.s.","22.340","deg","20.000","°C","962.000","hPa","0.861","-0.02617","0.00035","0","0","13.56","Humid","31.50","0","54.10","284770.04","SABD0002000014","AAV2.0.0.13","3.0.1.1413","PSt7-10","180509-029","9/13/2019 10:47:01 AM","0000-00","0","no battery","V"
"10/22/2019","10:24:40","10","default","328281339","OXY_CH10","1.314","min","131.074","μmol/L","Humid","21.057","deg","131540","µV","39.012","°C","1014.000","hPa","36.0","pmil","0","55.560","deg","20.000","°C","100.000","%a.s.","22.340","deg","20.000","°C","962.000","hPa","0.861","-0.02617","0.00035","0","0","13.56","Humid","31.50","0","54.10","284774.53","SABD0002000014","AAV2.0.0.13","3.0.1.1413","PSt7-10","180509-029","9/13/2019 10:47:01 AM","0000-00","0","no battery","V"
"10/22/2019","10:24:41","10","default","328281339","OXY_CH10","1.330","min","131.016","μmol/L","Humid","21.059","deg","131533","µV","39.018","°C","1014.000","hPa","36.0","pmil","0","55.560","deg","20.000","°C","100.000","%a.s.","22.340","deg","20.000","°C","962.000","hPa","0.861","-0.02617","0.00035","0","0","13.56","Humid","31.50","0","54.10","284777.73","SABD0002000014","AAV2.0.0.13","3.0.1.1413","PSt7-10","180509-029","9/13/2019 10:47:01 AM","0000-00","0","no battery","V"
"10/22/2019","10:24:42","10","default","328281339","OXY_CH10","1.347","min","131.120","μmol/L","Humid","21.056","deg","131528","µV","39.006","°C","1014.000","hPa","36.0","pmil","0","55.560","deg","20.000","°C","100.000","%a.s.","22.340","deg","20.000","°C","962.000","hPa","0.861","-0.02617","0.00035","0","0","13.56","Humid","31.50","0","54.10","284763.87","SABD0002000014","AAV2.0.0.13","3.0.1.1413","PSt7-10","180509-029","9/13/2019 10:47:01 AM","0000-00","0","no battery","V"
"10/22/2019","10:24:43","10","default","328281339","OXY_CH10","1.364","min","131.027","μmol/L","Humid","21.058","deg","131530","µV","39.018","°C","1014.000","hPa","36.0","pmil","0","55.560","deg","20.000","°C","100.000","%a.s.","22.340","deg","20.000","°C","962.000","hPa","0.861","-0.02617","0.00035","0","0","13.56","Humid","31.50","0","54.10","284761.41","SABD0002000014","AAV2.0.0.13","3.0.1.1413","PSt7-10","180509-029","9/13/2019 10:47:01 AM","0000-00","0","no battery","V"
"10/22/2019","10:24:44","10","default","328281339","OXY_CH10","1.380","min","131.073","μmol/L","Humid","21.060","deg","131535","µV","39.006","°C","1014.000","hPa","36.0","pmil","0","55.560","deg","20.000","°C","100.000","%a.s.","22.340","deg","20.000","°C","962.000","hPa","0.861","-0.02617","0.00035","0","0","13.56","Humid","31.50","0","54.10","284754.40","SABD0002000014","AAV2.0.0.13","3.0.1.1413","PSt7-10","180509-029","9/13/2019 10:47:01 AM","0000-00","0","no battery","V"
"10/22/2019","10:24:45","10","default","328281339","OXY_CH10","1.397","min","131.073","μmol/L","Humid","21.060","deg","131534","µV","39.006","°C","1014.000","hPa","36.0","pmil","0","55.560","deg","20.000","°C","100.000","%a.s.","22.340","deg","20.000","°C","962.000","hPa","0.861","-0.02617","0.00035","0","0","13.56","Humid","31.50","0","54.10","284748.80","SABD0002000014","AAV2.0.0.13","3.0.1.1413","PSt7-10","180509-029","9/13/2019 10:47:01 AM","0000-00","0","no battery","V"
"10/22/2019","10:24:46","10","default","328281339","OXY_CH10","1.414","min","131.073","μmol/L","Humid","21.060","deg","131527","µV","39.006","°C","1014.000","hPa","36.0","pmil","0","55.560","deg","20.000","°C","100.000","%a.s.","22.340","deg","20.000","°C","962.000","hPa","0.861","-0.02617","0.00035","0","0","13.56","Humid","31.50","0","54.10","284756.59","SABD0002000014","AAV2.0.0.13","3.0.1.1413","PSt7-10","180509-029","9/13/2019 10:47:01 AM","0000-00","0","no battery","V"
"10/22/2019","10:24:47","10","default","328281339","OXY_CH10","1.430","min","131.016","μmol/L","Humid","21.059","deg","131531","µV","39.018","°C","1014.000","hPa","36.0","pmil","0","55.560","deg","20.000","°C","100.000","%a.s.","22.340","deg","20.000","°C","962.000","hPa","0.861","-0.02617","0.00035","0","0","13.56","Humid","31.50","0","54.10","284754.24","SABD0002000014","AAV2.0.0.13","3.0.1.1413","PSt7-10","180509-029","9/13/2019 10:47:01 AM","0000-00","0","no battery","V"
"10/22/2019","10:24:48","10","default","328281339","OXY_CH10","1.447","min","131.039","μmol/L","Humid","21.060","deg","131526","µV","39.012","°C","1014.000","hPa","36.0","pmil","0","55.560","deg","20.000","°C","100.000","%a.s.","22.340","deg","20.000","°C","962.000","hPa","0.861","-0.02617","0.00035","0","0","13.56","Humid","31.50","0","54.10","284751.01","SABD0002000014","AAV2.0.0.13","3.0.1.1413","PSt7-10","180509-029","9/13/2019 10:47:01 AM","0000-00","0","no battery","V"
"10/22/2019","10:24:49","10","default","328281339","OXY_CH10","1.464","min","131.004","μmol/L","Humid","21.060","deg","131536","µV","39.018","°C","1014.000","hPa","36.0","pmil","0","55.560","deg","20.000","°C","100.000","%a.s.","22.340","deg","20.000","°C","962.000","hPa","0.861","-0.02617","0.00035","0","0","13.56","Humid","31.50","0","54.10","284745.91","SABD0002000014","AAV2.0.0.13","3.0.1.1413","PSt7-10","180509-029","9/13/2019 10:47:01 AM","0000-00","0","no battery","V"
"10/22/2019","10:24:50","10","default","328281339","OXY_CH10","1.481","min","131.015","μmol/L","Humid","21.062","deg","131540","µV","39.012","°C","1014.000","hPa","36.0","pmil","0","55.560","deg","20.000","°C","100.000","%a.s.","22.340","deg","20.000","°C","962.000","hPa","0.861","-0.02617","0.00035","0","0","13.56","Humid","31.50","0","54.10","284748.87","SABD0002000014","AAV2.0.0.13","3.0.1.1413","PSt7-10","180509-029","9/13/2019 10:47:01 AM","0000-00","0","no battery","V"
"10/22/2019","10:24:51","10","default","328281339","OXY_CH10","1.497","min","131.015","μmol/L","Humid","21.062","deg","131528","µV","39.012","°C","1014.000","hPa","36.0","pmil","0","55.560","deg","20.000","°C","100.000","%a.s.","22.340","deg","20.000","°C","962.000","hPa","0.861","-0.02617","0.00035","0","0","13.56","Humid","31.50","0","54.10","284737.80","SABD0002000014","AAV2.0.0.13","3.0.1.1413","PSt7-10","180509-029","9/13/2019 10:47:01 AM","0000-00","0","no battery","V"
"10/22/2019","10:24:52","10","default","328281339","OXY_CH10","1.514","min","131.027","μmol/L","Humid","21.061","deg","131529","µV","39.012","°C","1014.000","hPa","36.0","pmil","0","55.560","deg","20.000","°C","100.000","%a.s.","22.340","deg","20.000","°C","962.000","hPa","0.861","-0.02617","0.00035","0","0","13.56","Humid","31.50","0","54.10","284747.05","SABD0002000014","AAV2.0.0.13","3.0.1.1413","PSt7-10","180509-029","9/13/2019 10:47:01 AM","0000-00","0","no battery","V"
"10/22/2019","10:24:53","10","default","328281339","OXY_CH10","1.530","min","131.015","μmol/L","Humid","21.062","deg","131536","µV","39.012","°C","1014.000","hPa","36.0","pmil","0","55.560","deg","20.000","°C","100.000","%a.s.","22.340","deg","20.000","°C","962.000","hPa","0.861","-0.02617","0.00035","0","0","13.56","Humid","31.50","0","54.10","284738.57","SABD0002000014","AAV2.0.0.13","3.0.1.1413","PSt7-10","180509-029","9/13/2019 10:47:01 AM","0000-00","0","no battery","V"
"10/22/2019","10:24:54","10","default","328281339","OXY_CH10","1.547","min","131.061","μmol/L","Humid","21.061","deg","131535","µV","39.006","°C","1014.000","hPa","36.0","pmil","0","55.560","deg","20.000","°C","100.000","%a.s.","22.340","deg","20.000","°C","962.000","hPa","0.861","-0.02617","0.00035","0","0","13.56","Humid","31.50","0","54.10","284739.06","SABD0002000014","AAV2.0.0.13","3.0.1.1413","PSt7-10","180509-029","9/13/2019 10:47:01 AM","0000-00","0","no battery","V"
"10/22/2019","10:24:55","10","default","328281339","OXY_CH10","1.564","min","130.981","μmol/L","Humid","21.062","deg","131534","µV","39.018","°C","1014.000","hPa","36.0","pmil","0","55.560","deg","20.000","°C","100.000","%a.s.","22.340","deg","20.000","°C","962.000","hPa","0.861","-0.02617","0.00035","0","0","13.56","Humid","31.50","0","54.10","284739.00","SABD0002000014","AAV2.0.0.13","3.0.1.1413","PSt7-10","180509-029","9/13/2019 10:47:01 AM","0000-00","0","no battery","V"
"10/22/2019","10:24:56","10","default","328281339","OXY_CH10","1.581","min","131.015","μmol/L","Humid","21.062","deg","131537","µV","39.012","°C","1014.000","hPa","36.0","pmil","0","55.560","deg","20.000","°C","100.000","%a.s.","22.340","deg","20.000","°C","962.000","hPa","0.861","-0.02617","0.00035","0","0","13.56","Humid","31.50","0","54.10","284731.66","SABD0002000014","AAV2.0.0.13","3.0.1.1413","PSt7-10","180509-029","9/13/2019 10:47:01 AM","0000-00","0","no battery","V"
"10/22/2019","10:24:57","10","default","328281339","OXY_CH10","1.597","min","131.004","μmol/L","Humid","21.063","deg","131523","µV","39.012","°C","1014.000","hPa","36.0","pmil","0","55.560","deg","20.000","°C","100.000","%a.s.","22.340","deg","20.000","°C","962.000","hPa","0.861","-0.02617","0.00035","0","0","13.56","Humid","31.50","0","54.10","284726.77","SABD0002000014","AAV2.0.0.13","3.0.1.1413","PSt7-10","180509-029","9/13/2019 10:47:01 AM","0000-00","0","no battery","V"
"10/22/2019","10:24:58","10","default","328281339","OXY_CH10","1.614","min","130.969","μmol/L","Humid","21.063","deg","131532","µV","39.018","°C","1014.000","hPa","36.0","pmil","0","55.560","deg","20.000","°C","100.000","%a.s.","22.340","deg","20.000","°C","962.000","hPa","0.861","-0.02617","0.00035","0","0","13.56","Humid","31.50","0","54.10","284734.80","SABD0002000014","AAV2.0.0.13","3.0.1.1413","PSt7-10","180509-029","9/13/2019 10:47:01 AM","0000-00","0","no battery","V"
"10/22/2019","10:24:59","10","default","328281339","OXY_CH10","1.630","min","130.969","μmol/L","Humid","21.063","deg","131528","µV","39.018","°C","1014.000","hPa","36.0","pmil","0","55.560","deg","20.000","°C","100.000","%a.s.","22.340","deg","20.000","°C","962.000","hPa","0.861","-0.02617","0.00035","0","0","13.56","Humid","31.50","0","54.10","284730.76","SABD0002000014","AAV2.0.0.13","3.0.1.1413","PSt7-10","180509-029","9/13/2019 10:47:01 AM","0000-00","0","no battery","V"
"10/22/2019","10:25:00","10","default","328281339","OXY_CH10","1.647","min","130.969","μmol/L","Humid","21.066","deg","131534","µV","39.012","°C","1014.000","hPa","36.0","pmil","0","55.560","deg","20.000","°C","100.000","%a.s.","22.340","deg","20.000","°C","962.000","hPa","0.861","-0.02617","0.00035","0","0","13.56","Humid","31.50","0","54.10","284726.78","SABD0002000014","AAV2.0.0.13","3.0.1.1413","PSt7-10","180509-029","9/13/2019 10:47:01 AM","0000-00","0","no battery","V"
"10/22/2019","10:25:01","10","default","328281339","OXY_CH10","1.664","min","130.946","μmol/L","Humid","21.065","deg","131530","µV","39.018","°C","1014.000","hPa","36.0","pmil","0","55.560","deg","20.000","°C","100.000","%a.s.","22.340","deg","20.000","°C","962.000","hPa","0.861","-0.02617","0.00035","0","0","13.56","Humid","31.50","0","54.10","284720.09","SABD0002000014","AAV2.0.0.13","3.0.1.1413","PSt7-10","180509-029","9/13/2019 10:47:01 AM","0000-00","0","no battery","V"
"10/22/2019","10:25:02","10","default","328281339","OXY_CH10","1.680","min","130.957","μmol/L","Humid","21.067","deg","131529","µV","39.012","°C","1014.000","hPa","36.0","pmil","0","55.560","deg","20.000","°C","100.000","%a.s.","22.340","deg","20.000","°C","962.000","hPa","0.861","-0.02617","0.00035","0","0","13.56","Humid","31.50","0","54.10","284720.84","SABD0002000014","AAV2.0.0.13","3.0.1.1413","PSt7-10","180509-029","9/13/2019 10:47:01 AM","0000-00","0","no battery","V"
"10/22/2019","10:25:03","10","default","328281339","OXY_CH10","1.697","min","130.969","μmol/L","Humid","21.066","deg","131524","µV","39.012","°C","1014.000","hPa","36.0","pmil","0","55.560","deg","20.000","°C","100.000","%a.s.","22.340","deg","20.000","°C","962.000","hPa","0.861","-0.02617","0.00035","0","0","13.56","Humid","31.50","0","54.10","284719.83","SABD0002000014","AAV2.0.0.13","3.0.1.1413","PSt7-10","180509-029","9/13/2019 10:47:01 AM","0000-00","0","no battery","V"
"10/22/2019","10:25:04","10","default","328281339","OXY_CH10","1.713","min","131.049","μmol/L","Humid","21.065","deg","131521","µV","39.000","°C","1014.000","hPa","36.0","pmil","0","55.560","deg","20.000","°C","100.000","%a.s.","22.340","deg","20.000","°C","962.000","hPa","0.861","-0.02617","0.00035","0","0","13.56","Humid","31.50","0","54.10","284727.82","SABD0002000014","AAV2.0.0.13","3.0.1.1413","PSt7-10","180509-029","9/13/2019 10:47:01 AM","0000-00","0","no battery","V"
"10/22/2019","10:25:05","10","default","328281339","OXY_CH10","1.731","min","131.004","μmol/L","Humid","21.063","deg","131528","µV","39.012","°C","1014.000","hPa","36.0","pmil","0","55.560","deg","20.000","°C","100.000","%a.s.","22.340","deg","20.000","°C","962.000","hPa","0.861","-0.02617","0.00035","0","0","13.56","Humid","31.50","0","54.10","284721.58","SABD0002000014","AAV2.0.0.13","3.0.1.1413","PSt7-10","180509-029","9/13/2019 10:47:01 AM","0000-00","0","no battery","V"
"10/22/2019","10:25:06","10","default","328281339","OXY_CH10","1.747","min","130.969","μmol/L","Humid","21.066","deg","131528","µV","39.012","°C","1014.000","hPa","36.0","pmil","0","55.560","deg","20.000","°C","100.000","%a.s.","22.340","deg","20.000","°C","962.000","hPa","0.861","-0.02617","0.00035","0","0","13.56","Humid","31.50","0","54.10","284719.10","SABD0002000014","AAV2.0.0.13","3.0.1.1413","PSt7-10","180509-029","9/13/2019 10:47:01 AM","0000-00","0","no battery","V"
"10/22/2019","10:25:07","10","default","328281339","OXY_CH10","1.764","min","130.946","μmol/L","Humid","21.068","deg","131517","µV","39.012","°C","1014.000","hPa","36.0","pmil","0","55.560","deg","20.000","°C","100.000","%a.s.","22.340","deg","20.000","°C","962.000","hPa","0.861","-0.02617","0.00035","0","0","13.56","Humid","31.50","0","54.10","284704.04","SABD0002000014","AAV2.0.0.13","3.0.1.1413","PSt7-10","180509-029","9/13/2019 10:47:01 AM","0000-00","0","no battery","V"
"10/22/2019","10:25:08","10","default","328281339","OXY_CH10","1.780","min","131.027","μmol/L","Humid","21.064","deg","131526","µV","39.006","°C","1014.000","hPa","36.0","pmil","0","55.560","deg","20.000","°C","100.000","%a.s.","22.340","deg","20.000","°C","962.000","hPa","0.861","-0.02617","0.00035","0","0","13.56","Humid","31.50","0","54.10","284712.68","SABD0002000014","AAV2.0.0.13","3.0.1.1413","PSt7-10","180509-029","9/13/2019 10:47:01 AM","0000-00","0","no battery","V"
"10/22/2019","10:25:09","10","default","328281339","OXY_CH10","1.797","min","130.923","μmol/L","Humid","21.067","deg","131535","µV","39.018","°C","1014.000","hPa","36.0","pmil","0","55.560","deg","20.000","°C","100.000","%a.s.","22.340","deg","20.000","°C","962.000","hPa","0.861","-0.02617","0.00035","0","0","13.56","Humid","31.50","0","54.10","284707.13","SABD0002000014","AAV2.0.0.13","3.0.1.1413","PSt7-10","180509-029","9/13/2019 10:47:01 AM","0000-00","0","no battery","V"
"10/22/2019","10:25:10","10","default","328281339","OXY_CH10","1.813","min","130.980","μmol/L","Humid","21.068","deg","131530","µV","39.006","°C","1014.000","hPa","36.0","pmil","0","55.560","deg","20.000","°C","100.000","%a.s.","22.340","deg","20.000","°C","962.000","hPa","0.861","-0.02617","0.00035","0","0","13.56","Humid","31.50","0","54.10","284711.88","SABD0002000014","AAV2.0.0.13","3.0.1.1413","PSt7-10","180509-029","9/13/2019 10:47:01 AM","0000-00","0","no battery","V"
"10/22/2019","10:25:11","10","default","328281339","OXY_CH10","1.831","min","130.980","μmol/L","Humid","21.068","deg","131533","µV","39.006","°C","1014.000","hPa","36.0","pmil","0","55.560","deg","20.000","°C","100.000","%a.s.","22.340","deg","20.000","°C","962.000","hPa","0.861","-0.02617","0.00035","0","0","13.56","Humid","31.50","0","54.10","284710.06","SABD0002000014","AAV2.0.0.13","3.0.1.1413","PSt7-10","180509-029","9/13/2019 10:47:01 AM","0000-00","0","no battery","V"
"10/22/2019","10:25:12","10","default","328281339","OXY_CH10","1.847","min","130.957","μmol/L","Humid","21.067","deg","131524","µV","39.012","°C","1014.000","hPa","36.0","pmil","0","55.560","deg","20.000","°C","100.000","%a.s.","22.340","deg","20.000","°C","962.000","hPa","0.861","-0.02617","0.00035","0","0","13.56","Humid","31.50","0","54.10","284708.93","SABD0002000014","AAV2.0.0.13","3.0.1.1413","PSt7-10","180509-029","9/13/2019 10:47:01 AM","0000-00","0","no battery","V"
"10/22/2019","10:25:13","10","default","328281339","OXY_CH10","1.864","min","131.038","μmol/L","Humid","21.066","deg","131524","µV","39.000","°C","1014.000","hPa","36.0","pmil","0","55.560","deg","20.000","°C","100.000","%a.s.","22.340","deg","20.000","°C","962.000","hPa","0.861","-0.02617","0.00035","0","0","13.56","Humid","31.50","0","54.10","284707.25","SABD0002000014","AAV2.0.0.13","3.0.1.1413","PSt7-10","180509-029","9/13/2019 10:47:01 AM","0000-00","0","no battery","V"
"10/22/2019","10:25:14","10","default","328281339","OXY_CH10","1.881","min","130.980","μmol/L","Humid","21.068","deg","131520","µV","39.006","°C","1014.000","hPa","36.0","pmil","0","55.560","deg","20.000","°C","100.000","%a.s.","22.340","deg","20.000","°C","962.000","hPa","0.861","-0.02617","0.00035","0","0","13.56","Humid","31.50","0","54.10","284704.75","SABD0002000014","AAV2.0.0.13","3.0.1.1413","PSt7-10","180509-029","9/13/2019 10:47:01 AM","0000-00","0","no battery","V"
"10/22/2019","10:25:15","10","default","328281339","OXY_CH10","1.897","min","131.003","μmol/L","Humid","21.066","deg","131525","µV","39.006","°C","1014.000","hPa","36.0","pmil","0","55.560","deg","20.000","°C","100.000","%a.s.","22.340","deg","20.000","°C","962.000","hPa","0.861","-0.02617","0.00035","0","0","13.56","Humid","31.50","0","54.10","284704.26","SABD0002000014","AAV2.0.0.13","3.0.1.1413","PSt7-10","180509-029","9/13/2019 10:47:01 AM","0000-00","0","no battery","V"
"10/22/2019","10:25:16","10","default","328281339","OXY_CH10","1.913","min","130.957","μmol/L","Humid","21.067","deg","131518","µV","39.012","°C","1014.000","hPa","36.0","pmil","0","55.560","deg","20.000","°C","100.000","%a.s.","22.340","deg","20.000","°C","962.000","hPa","0.861","-0.02617","0.00035","0","0","13.56","Humid","31.50","0","54.10","284705.43","SABD0002000014","AAV2.0.0.13","3.0.1.1413","PSt7-10","180509-029","9/13/2019 10:47:01 AM","0000-00","0","no battery","V"
"10/22/2019","10:25:17","10","default","328281339","OXY_CH10","1.930","min","130.980","μmol/L","Humid","21.068","deg","131510","µV","39.006","°C","1014.000","hPa","36.0","pmil","0","55.560","deg","20.000","°C","100.000","%a.s.","22.340","deg","20.000","°C","962.000","hPa","0.861","-0.02617","0.00035","0","0","13.56","Humid","31.50","0","54.10","284703.77","SABD0002000014","AAV2.0.0.13","3.0.1.1413","PSt7-10","180509-029","9/13/2019 10:47:01 AM","0000-00","0","no battery","V"
"10/22/2019","10:25:18","10","default","328281339","OXY_CH10","1.947","min","130.980","μmol/L","Humid","21.068","deg","131516","µV","39.006","°C","1014.000","hPa","36.0","pmil","0","55.560","deg","20.000","°C","100.000","%a.s.","22.340","deg","20.000","°C","962.000","hPa","0.861","-0.02617","0.00035","0","0","13.56","Humid","31.50","0","54.10","284696.69","SABD0002000014","AAV2.0.0.13","3.0.1.1413","PSt7-10","180509-029","9/13/2019 10:47:01 AM","0000-00","0","no battery","V"
"10/22/2019","10:25:19","10","default","328281339","OXY_CH10","1.964","min","130.991","μmol/L","Humid","21.070","deg","131523","µV","39.000","°C","1014.000","hPa","36.0","pmil","0","55.560","deg","20.000","°C","100.000","%a.s.","22.340","deg","20.000","°C","962.000","hPa","0.861","-0.02617","0.00035","0","0","13.56","Humid","31.50","0","54.10","284689.24","SABD0002000014","AAV2.0.0.13","3.0.1.1413","PSt7-10","180509-029","9/13/2019 10:47:01 AM","0000-00","0","no battery","V"
"10/22/2019","10:25:20","10","default","328281339","OXY_CH10","1.981","min","130.992","μmol/L","Humid","21.067","deg","131516","µV","39.006","°C","1014.000","hPa","36.0","pmil","0","55.560","deg","20.000","°C","100.000","%a.s.","22.340","deg","20.000","°C","962.000","hPa","0.861","-0.02617","0.00035","0","0","13.56","Humid","31.50","0","54.10","284698.89","SABD0002000014","AAV2.0.0.13","3.0.1.1413","PSt7-10","180509-029","9/13/2019 10:47:01 AM","0000-00","0","no battery","V"
"10/22/2019","10:25:21","10","default","328281339","OXY_CH10","1.997","min","131.003","μmol/L","Humid","21.066","deg","131507","µV","39.006","°C","1014.000","hPa","36.0","pmil","0","55.560","deg","20.000","°C","100.000","%a.s.","22.340","deg","20.000","°C","962.000","hPa","0.861","-0.02617","0.00035","0","0","13.56","Humid","31.50","0","54.10","284694.28","SABD0002000014","AAV2.0.0.13","3.0.1.1413","PSt7-10","180509-029","9/13/2019 10:47:01 AM","0000-00","0","no battery","V"
"10/22/2019","10:25:22","10","default","328281339","OXY_CH10","2.014","min","130.945","μmol/L","Humid","21.071","deg","131515","µV","39.006","°C","1014.000","hPa","36.0","pmil","0","55.560","deg","20.000","°C","100.000","%a.s.","22.340","deg","20.000","°C","962.000","hPa","0.861","-0.02617","0.00035","0","0","13.56","Humid","31.50","0","54.10","284689.84","SABD0002000014","AAV2.0.0.13","3.0.1.1413","PSt7-10","180509-029","9/13/2019 10:47:01 AM","0000-00","0","no battery","V"
"10/22/2019","10:25:23","10","default","328281339","OXY_CH10","2.030","min","130.957","μmol/L","Humid","21.070","deg","131513","µV","39.006","°C","1014.000","hPa","36.0","pmil","0","55.560","deg","20.000","°C","100.000","%a.s.","22.340","deg","20.000","°C","962.000","hPa","0.861","-0.02617","0.00035","0","0","13.56","Humid","31.50","0","54.10","284681.60","SABD0002000014","AAV2.0.0.13","3.0.1.1413","PSt7-10","180509-029","9/13/2019 10:47:01 AM","0000-00","0","no battery","V"
"10/22/2019","10:25:24","10","default","328281339","OXY_CH10","2.047","min","130.980","μmol/L","Humid","21.071","deg","131508","µV","39.000","°C","1014.000","hPa","36.0","pmil","0","55.560","deg","20.000","°C","100.000","%a.s.","22.340","deg","20.000","°C","962.000","hPa","0.861","-0.02617","0.00035","0","0","13.56","Humid","31.50","0","54.10","284688.54","SABD0002000014","AAV2.0.0.13","3.0.1.1413","PSt7-10","180509-029","9/13/2019 10:47:01 AM","0000-00","0","no battery","V"
"10/22/2019","10:25:25","10","default","328281339","OXY_CH10","2.064","min","130.934","μmol/L","Humid","21.069","deg","131508","µV","39.012","°C","1014.000","hPa","36.0","pmil","0","55.560","deg","20.000","°C","100.000","%a.s.","22.340","deg","20.000","°C","962.000","hPa","0.861","-0.02617","0.00035","0","0","13.56","Humid","31.50","0","54.10","284683.00","SABD0002000014","AAV2.0.0.13","3.0.1.1413","PSt7-10","180509-029","9/13/2019 10:47:01 AM","0000-00","0","no battery","V"
"10/22/2019","10:25:26","10","default","328281339","OXY_CH10","2.081","min","130.911","μmol/L","Humid","21.071","deg","131513","µV","39.012","°C","1014.000","hPa","36.0","pmil","0","55.560","deg","20.000","°C","100.000","%a.s.","22.340","deg","20.000","°C","962.000","hPa","0.861","-0.02617","0.00035","0","0","13.56","Humid","31.50","0","54.10","284685.71","SABD0002000014","AAV2.0.0.13","3.0.1.1413","PSt7-10","180509-029","9/13/2019 10:47:01 AM","0000-00","0","no battery","V"
"10/22/2019","10:25:27","10","default","328281339","OXY_CH10","2.097","min","130.956","μmol/L","Humid","21.073","deg","131515","µV","39.000","°C","1014.000","hPa","36.0","pmil","0","55.560","deg","20.000","°C","100.000","%a.s.","22.340","deg","20.000","°C","962.000","hPa","0.861","-0.02617","0.00035","0","0","13.56","Humid","31.50","0","54.10","284675.67","SABD0002000014","AAV2.0.0.13","3.0.1.1413","PSt7-10","180509-029","9/13/2019 10:47:01 AM","0000-00","0","no battery","V"
"10/22/2019","10:25:28","10","default","328281339","OXY_CH10","2.114","min","130.910","μmol/L","Humid","21.074","deg","131526","µV","39.006","°C","1014.000","hPa","36.0","pmil","0","55.560","deg","20.000","°C","100.000","%a.s.","22.340","deg","20.000","°C","962.000","hPa","0.861","-0.02617","0.00035","0","0","13.56","Humid","31.50","0","54.10","284683.10","SABD0002000014","AAV2.0.0.13","3.0.1.1413","PSt7-10","180509-029","9/13/2019 10:47:01 AM","0000-00","0","no battery","V"
"10/22/2019","10:25:29","10","default","328281339","OXY_CH10","2.130","min","130.887","μmol/L","Humid","21.073","deg","131520","µV","39.012","°C","1014.000","hPa","36.0","pmil","0","55.560","deg","20.000","°C","100.000","%a.s.","22.340","deg","20.000","°C","962.000","hPa","0.861","-0.02617","0.00035","0","0","13.56","Humid","31.50","0","54.10","284669.72","SABD0002000014","AAV2.0.0.13","3.0.1.1413","PSt7-10","180509-029","9/13/2019 10:47:01 AM","0000-00","0","no battery","V"
"10/22/2019","10:25:30","10","default","328281339","OXY_CH10","2.147","min","130.876","μmol/L","Humid","21.074","deg","131526","µV","39.012","°C","1014.000","hPa","36.0","pmil","0","55.560","deg","20.000","°C","100.000","%a.s.","22.340","deg","20.000","°C","962.000","hPa","0.861","-0.02617","0.00035","0","0","13.56","Humid","31.50","0","54.10","284681.27","SABD0002000014","AAV2.0.0.13","3.0.1.1413","PSt7-10","180509-029","9/13/2019 10:47:01 AM","0000-00","0","no battery","V"
"10/22/2019","10:25:31","10","default","328281339","OXY_CH10","2.164","min","130.933","μmol/L","Humid","21.072","deg","131512","µV","39.006","°C","1014.000","hPa","36.0","pmil","0","55.560","deg","20.000","°C","100.000","%a.s.","22.340","deg","20.000","°C","962.000","hPa","0.861","-0.02617","0.00035","0","0","13.56","Humid","31.50","0","54.10","284675.06","SABD0002000014","AAV2.0.0.13","3.0.1.1413","PSt7-10","180509-029","9/13/2019 10:47:01 AM","0000-00","0","no battery","V"
"10/22/2019","10:25:32","10","default","328281339","OXY_CH10","2.181","min","130.910","μmol/L","Humid","21.074","deg","131515","µV","39.006","°C","1014.000","hPa","36.0","pmil","0","55.560","deg","20.000","°C","100.000","%a.s.","22.340","deg","20.000","°C","962.000","hPa","0.861","-0.02617","0.00035","0","0","13.56","Humid","31.50","0","54.10","284671.27","SABD0002000014","AAV2.0.0.13","3.0.1.1413","PSt7-10","180509-029","9/13/2019 10:47:01 AM","0000-00","0","no battery","V"
"10/22/2019","10:25:33","10","default","328281339","OXY_CH10","2.197","min","130.933","μmol/L","Humid","21.075","deg","131512","µV","39.000","°C","1014.000","hPa","36.0","pmil","0","55.560","deg","20.000","°C","100.000","%a.s.","22.340","deg","20.000","°C","962.000","hPa","0.861","-0.02617","0.00035","0","0","13.56","Humid","31.50","0","54.10","284683.90","SABD0002000014","AAV2.0.0.13","3.0.1.1413","PSt7-10","180509-029","9/13/2019 10:47:01 AM","0000-00","0","no battery","V"
"10/22/2019","10:25:34","10","default","328281339","OXY_CH10","2.214","min","130.945","μmol/L","Humid","21.071","deg","131513","µV","39.006","°C","1014.000","hPa","36.0","pmil","0","55.560","deg","20.000","°C","100.000","%a.s.","22.340","deg","20.000","°C","962.000","hPa","0.861","-0.02617","0.00035","0","0","13.56","Humid","31.50","0","54.10","284668.94","SABD0002000014","AAV2.0.0.13","3.0.1.1413","PSt7-10","180509-029","9/13/2019 10:47:01 AM","0000-00","0","no battery","V"
"10/22/2019","10:25:35","10","default","328281339","OXY_CH10","2.231","min","130.876","μmol/L","Humid","21.074","deg","131513","µV","39.012","°C","1014.000","hPa","36.0","pmil","0","55.560","deg","20.000","°C","100.000","%a.s.","22.340","deg","20.000","°C","962.000","hPa","0.861","-0.02617","0.00035","0","0","13.56","Humid","31.50","0","54.10","284672.90","SABD0002000014","AAV2.0.0.13","3.0.1.1413","PSt7-10","180509-029","9/13/2019 10:47:01 AM","0000-00","0","no battery","V"
"10/22/2019","10:25:36","10","default","328281339","OXY_CH10","2.247","min","130.956","μmol/L","Humid","21.073","deg","131502","µV","39.000","°C","1014.000","hPa","36.0","pmil","0","55.560","deg","20.000","°C","100.000","%a.s.","22.340","deg","20.000","°C","962.000","hPa","0.861","-0.02617","0.00035","0","0","13.56","Humid","31.50","0","54.10","284656.80","SABD0002000014","AAV2.0.0.13","3.0.1.1413","PSt7-10","180509-029","9/13/2019 10:47:01 AM","0000-00","0","no battery","V"
"10/22/2019","10:25:37","10","default","328281339","OXY_CH10","2.264","min","130.910","μmol/L","Humid","21.074","deg","131508","µV","39.006","°C","1014.000","hPa","36.0","pmil","0","55.560","deg","20.000","°C","100.000","%a.s.","22.340","deg","20.000","°C","962.000","hPa","0.861","-0.02617","0.00035","0","0","13.56","Humid","31.50","0","54.10","284662.44","SABD0002000014","AAV2.0.0.13","3.0.1.1413","PSt7-10","180509-029","9/13/2019 10:47:01 AM","0000-00","0","no battery","V"
"10/22/2019","10:25:38","10","default","328281339","OXY_CH10","2.280","min","130.922","μmol/L","Humid","21.073","deg","131502","µV","39.006","°C","1014.000","hPa","36.0","pmil","0","55.560","deg","20.000","°C","100.000","%a.s.","22.340","deg","20.000","°C","962.000","hPa","0.861","-0.02617","0.00035","0","0","13.56","Humid","31.50","0","54.10","284657.20","SABD0002000014","AAV2.0.0.13","3.0.1.1413","PSt7-10","180509-029","9/13/2019 10:47:01 AM","0000-00","0","no battery","V"
"10/22/2019","10:25:39","10","default","328281339","OXY_CH10","2.297","min","130.933","μmol/L","Humid","21.072","deg","131510","µV","39.006","°C","1014.000","hPa","36.0","pmil","0","55.560","deg","20.000","°C","100.000","%a.s.","22.340","deg","20.000","°C","962.000","hPa","0.861","-0.02617","0.00035","0","0","13.56","Humid","31.50","0","54.10","284667.97","SABD0002000014","AAV2.0.0.13","3.0.1.1413","PSt7-10","180509-029","9/13/2019 10:47:01 AM","0000-00","0","no battery","V"
"10/22/2019","10:25:40","10","default","328281339","OXY_CH10","2.314","min","130.899","μmol/L","Humid","21.075","deg","131513","µV","39.006","°C","1014.000","hPa","36.0","pmil","0","55.560","deg","20.000","°C","100.000","%a.s.","22.340","deg","20.000","°C","962.000","hPa","0.861","-0.02617","0.00035","0","0","13.56","Humid","31.50","0","54.10","284664.42","SABD0002000014","AAV2.0.0.13","3.0.1.1413","PSt7-10","180509-029","9/13/2019 10:47:01 AM","0000-00","0","no battery","V"
"10/22/2019","10:25:41","10","default","328281339","OXY_CH10","2.331","min","130.910","μmol/L","Humid","21.074","deg","131506","µV","39.006","°C","1014.000","hPa","36.0","pmil","0","55.560","deg","20.000","°C","100.000","%a.s.","22.340","deg","20.000","°C","962.000","hPa","0.861","-0.02617","0.00035","0","0","13.56","Humid","31.50","0","54.10","284669.29","SABD0002000014","AAV2.0.0.13","3.0.1.1413","PSt7-10","180509-029","9/13/2019 10:47:01 AM","0000-00","0","no battery","V"
"10/22/2019","10:25:42","10","default","328281339","OXY_CH10","2.347","min","130.853","μmol/L","Humid","21.076","deg","131511","µV","39.012","°C","1014.000","hPa","36.0","pmil","0","55.560","deg","20.000","°C","100.000","%a.s.","22.340","deg","20.000","°C","962.000","hPa","0.861","-0.02617","0.00035","0","0","13.56","Humid","31.50","0","54.10","284657.14","SABD0002000014","AAV2.0.0.13","3.0.1.1413","PSt7-10","180509-029","9/13/2019 10:47:01 AM","0000-00","0","no battery","V"
"10/22/2019","10:25:43","10","default","328281339","OXY_CH10","2.364","min","130.956","μmol/L","Humid","21.073","deg","131511","µV","39.000","°C","1014.000","hPa","36.0","pmil","0","55.560","deg","20.000","°C","100.000","%a.s.","22.340","deg","20.000","°C","962.000","hPa","0.861","-0.02617","0.00035","0","0","13.56","Humid","31.50","0","54.10","284658.77","SABD0002000014","AAV2.0.0.13","3.0.1.1413","PSt7-10","180509-029","9/13/2019 10:47:01 AM","0000-00","0","no battery","V"
"10/22/2019","10:25:44","10","default","328281339","OXY_CH10","2.381","min","130.922","μmol/L","Humid","21.073","deg","131515","µV","39.006","°C","1014.000","hPa","36.0","pmil","0","55.560","deg","20.000","°C","100.000","%a.s.","22.340","deg","20.000","°C","962.000","hPa","0.861","-0.02617","0.00035","0","0","13.56","Humid","31.50","0","54.10","284668.27","SABD0002000014","AAV2.0.0.13","3.0.1.1413","PSt7-10","180509-029","9/13/2019 10:47:01 AM","0000-00","0","no battery","V"
"10/22/2019","10:25:45","10","default","328281339","OXY_CH10","2.397","min","130.910","μmol/L","Humid","21.074","deg","131510","µV","39.006","°C","1014.000","hPa","36.0","pmil","0","55.560","deg","20.000","°C","100.000","%a.s.","22.340","deg","20.000","°C","962.000","hPa","0.861","-0.02617","0.00035","0","0","13.56","Humid","31.50","0","54.10","284663.04","SABD0002000014","AAV2.0.0.13","3.0.1.1413","PSt7-10","180509-029","9/13/2019 10:47:01 AM","0000-00","0","no battery","V"
"10/22/2019","10:25:46","10","default","328281339","OXY_CH10","2.414","min","130.921","μmol/L","Humid","21.076","deg","131507","µV","39.000","°C","1014.000","hPa","36.0","pmil","0","55.560","deg","20.000","°C","100.000","%a.s.","22.340","deg","20.000","°C","962.000","hPa","0.861","-0.02617","0.00035","0","0","13.56","Humid","31.50","0","54.10","284658.02","SABD0002000014","AAV2.0.0.13","3.0.1.1413","PSt7-10","180509-029","9/13/2019 10:47:01 AM","0000-00","0","no battery","V"
"10/22/2019","10:25:47","10","default","328281339","OXY_CH10","2.430","min","130.864","μmol/L","Humid","21.078","deg","131508","µV","39.006","°C","1014.000","hPa","36.0","pmil","0","55.560","deg","20.000","°C","100.000","%a.s.","22.340","deg","20.000","°C","962.000","hPa","0.861","-0.02617","0.00035","0","0","13.56","Humid","31.50","0","54.10","284647.71","SABD0002000014","AAV2.0.0.13","3.0.1.1413","PSt7-10","180509-029","9/13/2019 10:47:01 AM","0000-00","0","no battery","V"
"10/22/2019","10:25:48","10","default","328281339","OXY_CH10","2.447","min","130.852","μmol/L","Humid","21.082","deg","131510","µV","39.000","°C","1014.000","hPa","36.0","pmil","0","55.560","deg","20.000","°C","100.000","%a.s.","22.340","deg","20.000","°C","962.000","hPa","0.861","-0.02617","0.00035","0","0","13.56","Humid","31.50","0","54.10","284659.05","SABD0002000014","AAV2.0.0.13","3.0.1.1413","PSt7-10","180509-029","9/13/2019 10:47:01 AM","0000-00","0","no battery","V"
"10/22/2019","10:25:49","10","default","328281339","OXY_CH10","2.464","min","130.899","μmol/L","Humid","21.075","deg","131520","µV","39.006","°C","1014.000","hPa","36.0","pmil","0","55.560","deg","20.000","°C","100.000","%a.s.","22.340","deg","20.000","°C","962.000","hPa","0.861","-0.02617","0.00035","0","0","13.56","Humid","31.50","0","54.10","284648.47","SABD0002000014","AAV2.0.0.13","3.0.1.1413","PSt7-10","180509-029","9/13/2019 10:47:01 AM","0000-00","0","no battery","V"
"10/22/2019","10:25:50","10","default","328281339","OXY_CH10","2.480","min","130.933","μmol/L","Humid","21.075","deg","131507","µV","39.000","°C","1014.000","hPa","36.0","pmil","0","55.560","deg","20.000","°C","100.000","%a.s.","22.340","deg","20.000","°C","962.000","hPa","0.861","-0.02617","0.00035","0","0","13.56","Humid","31.50","0","54.10","284649.17","SABD0002000014","AAV2.0.0.13","3.0.1.1413","PSt7-10","180509-029","9/13/2019 10:47:01 AM","0000-00","0","no battery","V"
"10/22/2019","10:25:51","10","default","328281339","OXY_CH10","2.497","min","130.795","μmol/L","Humid","21.081","deg","131506","µV","39.012","°C","1014.000","hPa","36.0","pmil","0","55.560","deg","20.000","°C","100.000","%a.s.","22.340","deg","20.000","°C","962.000","hPa","0.861","-0.02617","0.00035","0","0","13.56","Humid","31.50","0","54.10","284631.70","SABD0002000014","AAV2.0.0.13","3.0.1.1413","PSt7-10","180509-029","9/13/2019 10:47:01 AM","0000-00","0","no battery","V"
"10/22/2019","10:25:52","10","default","328281339","OXY_CH10","2.514","min","130.829","μmol/L","Humid","21.081","deg","131514","µV","39.006","°C","1014.000","hPa","36.0","pmil","0","55.560","deg","20.000","°C","100.000","%a.s.","22.340","deg","20.000","°C","962.000","hPa","0.861","-0.02617","0.00035","0","0","13.56","Humid","31.50","0","54.10","284643.92","SABD0002000014","AAV2.0.0.13","3.0.1.1413","PSt7-10","180509-029","9/13/2019 10:47:01 AM","0000-00","0","no battery","V"
"10/22/2019","10:25:53","10","default","328281339","OXY_CH10","2.531","min","130.875","μmol/L","Humid","21.077","deg","131515","µV","39.006","°C","1014.000","hPa","36.0","pmil","0","55.560","deg","20.000","°C","100.000","%a.s.","22.340","deg","20.000","°C","962.000","hPa","0.861","-0.02617","0.00035","0","0","13.56","Humid","31.50","0","54.10","284640.62","SABD0002000014","AAV2.0.0.13","3.0.1.1413","PSt7-10","180509-029","9/13/2019 10:47:01 AM","0000-00","0","no battery","V"
"10/22/2019","10:25:54","10","default","328281339","OXY_CH10","2.547","min","130.887","μmol/L","Humid","21.079","deg","131520","µV","39.000","°C","1014.000","hPa","36.0","pmil","0","55.560","deg","20.000","°C","100.000","%a.s.","22.340","deg","20.000","°C","962.000","hPa","0.861","-0.02617","0.00035","0","0","13.56","Humid","31.50","0","54.10","284647.33","SABD0002000014","AAV2.0.0.13","3.0.1.1413","PSt7-10","180509-029","9/13/2019 10:47:01 AM","0000-00","0","no battery","V"
"10/22/2019","10:25:55","10","default","328281339","OXY_CH10","2.564","min","130.875","μmol/L","Humid","21.080","deg","131516","µV","39.000","°C","1014.000","hPa","36.0","pmil","0","55.560","deg","20.000","°C","100.000","%a.s.","22.340","deg","20.000","°C","962.000","hPa","0.861","-0.02617","0.00035","0","0","13.56","Humid","31.50","0","54.10","284634.99","SABD0002000014","AAV2.0.0.13","3.0.1.1413","PSt7-10","180509-029","9/13/2019 10:47:01 AM","0000-00","0","no battery","V"
"10/22/2019","10:25:56","10","default","328281339","OXY_CH10","2.581","min","130.875","μmol/L","Humid","21.080","deg","131518","µV","39.000","°C","1014.000","hPa","36.0","pmil","0","55.560","deg","20.000","°C","100.000","%a.s.","22.340","deg","20.000","°C","962.000","hPa","0.861","-0.02617","0.00035","0","0","13.56","Humid","31.50","0","54.10","284633.70","SABD0002000014","AAV2.0.0.13","3.0.1.1413","PSt7-10","180509-029","9/13/2019 10:47:01 AM","0000-00","0","no battery","V"
"10/22/2019","10:25:57","10","default","328281339","OXY_CH10","2.597","min","130.852","μmol/L","Humid","21.082","deg","131513","µV","39.000","°C","1014.000","hPa","36.0","pmil","0","55.560","deg","20.000","°C","100.000","%a.s.","22.340","deg","20.000","°C","962.000","hPa","0.861","-0.02617","0.00035","0","0","13.56","Humid","31.50","0","54.10","284636.07","SABD0002000014","AAV2.0.0.13","3.0.1.1413","PSt7-10","180509-029","9/13/2019 10:47:01 AM","0000-00","0","no battery","V"
"10/22/2019","10:25:58","10","default","328281339","OXY_CH10","2.614","min","130.841","μmol/L","Humid","21.080","deg","131519","µV","39.006","°C","1014.000","hPa","36.0","pmil","0","55.560","deg","20.000","°C","100.000","%a.s.","22.340","deg","20.000","°C","962.000","hPa","0.861","-0.02617","0.00035","0","0","13.56","Humid","31.50","0","54.10","284622.68","SABD0002000014","AAV2.0.0.13","3.0.1.1413","PSt7-10","180509-029","9/13/2019 10:47:01 AM","0000-00","0","no battery","V"
"10/22/2019","10:25:59","10","default","328281339","OXY_CH10","2.631","min","130.840","μmol/L","Humid","21.083","deg","131516","µV","39.000","°C","1014.000","hPa","36.0","pmil","0","55.560","deg","20.000","°C","100.000","%a.s.","22.340","deg","20.000","°C","962.000","hPa","0.861","-0.02617","0.00035","0","0","13.56","Humid","31.50","0","54.10","284629.50","SABD0002000014","AAV2.0.0.13","3.0.1.1413","PSt7-10","180509-029","9/13/2019 10:47:01 AM","0000-00","0","no battery","V"
"10/22/2019","10:26:00","10","default","328281339","OXY_CH10","2.647","min","130.829","μmol/L","Humid","21.081","deg","131515","µV","39.006","°C","1014.000","hPa","36.0","pmil","0","55.560","deg","20.000","°C","100.000","%a.s.","22.340","deg","20.000","°C","962.000","hPa","0.861","-0.02617","0.00035","0","0","13.56","Humid","31.50","0","54.10","284629.51","SABD0002000014","AAV2.0.0.13","3.0.1.1413","PSt7-10","180509-029","9/13/2019 10:47:01 AM","0000-00","0","no battery","V"
"10/22/2019","10:26:01","10","default","328281339","OXY_CH10","2.664","min","130.875","μmol/L","Humid","21.080","deg","131515","µV","39.000","°C","1014.000","hPa","36.0","pmil","0","55.560","deg","20.000","°C","100.000","%a.s.","22.340","deg","20.000","°C","962.000","hPa","0.861","-0.02617","0.00035","0","0","13.56","Humid","31.50","0","54.10","284624.08","SABD0002000014","AAV2.0.0.13","3.0.1.1413","PSt7-10","180509-029","9/13/2019 10:47:01 AM","0000-00","0","no battery","V"
"10/22/2019","10:26:02","10","default","328281339","OXY_CH10","2.681","min","130.829","μmol/L","Humid","21.081","deg","131520","µV","39.006","°C","1014.000","hPa","36.0","pmil","0","55.560","deg","20.000","°C","100.000","%a.s.","22.340","deg","20.000","°C","962.000","hPa","0.861","-0.02617","0.00035","0","0","13.56","Humid","31.50","0","54.10","284630.20","SABD0002000014","AAV2.0.0.13","3.0.1.1413","PSt7-10","180509-029","9/13/2019 10:47:01 AM","0000-00","0","no battery","V"
"10/22/2019","10:26:03","10","default","328281339","OXY_CH10","2.697","min","130.840","μmol/L","Humid","21.083","deg","131515","µV","39.000","°C","1014.000","hPa","36.0","pmil","0","55.560","deg","20.000","°C","100.000","%a.s.","22.340","deg","20.000","°C","962.000","hPa","0.861","-0.02617","0.00035","0","0","13.56","Humid","31.50","0","54.10","284633.42","SABD0002000014","AAV2.0.0.13","3.0.1.1413","PSt7-10","180509-029","9/13/2019 10:47:01 AM","0000-00","0","no battery","V"
"10/22/2019","10:26:04","10","default","328281339","OXY_CH10","2.714","min","130.841","μmol/L","Humid","21.080","deg","131505","µV","39.006","°C","1014.000","hPa","36.0","pmil","0","55.560","deg","20.000","°C","100.000","%a.s.","22.340","deg","20.000","°C","962.000","hPa","0.861","-0.02617","0.00035","0","0","13.56","Humid","31.50","0","54.10","284623.21","SABD0002000014","AAV2.0.0.13","3.0.1.1413","PSt7-10","180509-029","9/13/2019 10:47:01 AM","0000-00","0","no battery","V"
"10/22/2019","10:26:05","10","default","328281339","OXY_CH10","2.731","min","130.840","μmol/L","Humid","21.083","deg","131500","µV","39.000","°C","1014.000","hPa","36.0","pmil","0","55.560","deg","20.000","°C","100.000","%a.s.","22.340","deg","20.000","°C","962.000","hPa","0.861","-0.02617","0.00035","0","0","13.56","Humid","31.50","0","54.10","284618.92","SABD0002000014","AAV2.0.0.13","3.0.1.1413","PSt7-10","180509-029","9/13/2019 10:47:01 AM","0000-00","0","no battery","V"
"10/22/2019","10:26:06","10","default","328281339","OXY_CH10","2.747","min","130.771","μmol/L","Humid","21.086","deg","131502","µV","39.006","°C","1014.000","hPa","36.0","pmil","0","55.560","deg","20.000","°C","100.000","%a.s.","22.340","deg","20.000","°C","962.000","hPa","0.861","-0.02617","0.00035","0","0","13.56","Humid","31.50","0","54.10","284617.47","SABD0002000014","AAV2.0.0.13","3.0.1.1413","PSt7-10","180509-029","9/13/2019 10:47:01 AM","0000-00","0","no battery","V"
"10/22/2019","10:26:07","10","default","328281339","OXY_CH10","2.764","min","130.817","μmol/L","Humid","21.085","deg","131505","µV","39.000","°C","1014.000","hPa","36.0","pmil","0","55.560","deg","20.000","°C","100.000","%a.s.","22.340","deg","20.000","°C","962.000","hPa","0.861","-0.02617","0.00035","0","0","13.56","Humid","31.50","0","54.10","284614.32","SABD0002000014","AAV2.0.0.13","3.0.1.1413","PSt7-10","180509-029","9/13/2019 10:47:01 AM","0000-00","0","no battery","V"
"10/22/2019","10:26:08","10","default","328281339","OXY_CH10","2.781","min","130.817","μmol/L","Humid","21.082","deg","131507","µV","39.006","°C","1014.000","hPa","36.0","pmil","0","55.560","deg","20.000","°C","100.000","%a.s.","22.340","deg","20.000","°C","962.000","hPa","0.861","-0.02617","0.00035","0","0","13.56","Humid","31.50","0","54.10","284603.49","SABD0002000014","AAV2.0.0.13","3.0.1.1413","PSt7-10","180509-029","9/13/2019 10:47:01 AM","0000-00","0","no battery","V"
"10/22/2019","10:26:09","10","default","328281339","OXY_CH10","2.797","min","130.852","μmol/L","Humid","21.082","deg","131507","µV","39.000","°C","1014.000","hPa","36.0","pmil","0","55.560","deg","20.000","°C","100.000","%a.s.","22.340","deg","20.000","°C","962.000","hPa","0.861","-0.02617","0.00035","0","0","13.56","Humid","31.50","0","54.10","284613.79","SABD0002000014","AAV2.0.0.13","3.0.1.1413","PSt7-10","180509-029","9/13/2019 10:47:01 AM","0000-00","0","no battery","V"
"10/22/2019","10:26:10","10","default","328281339","OXY_CH10","2.814","min","130.806","μmol/L","Humid","21.083","deg","131501","µV","39.006","°C","1014.000","hPa","36.0","pmil","0","55.560","deg","20.000","°C","100.000","%a.s.","22.340","deg","20.000","°C","962.000","hPa","0.861","-0.02617","0.00035","0","0","13.56","Humid","31.50","0","54.10","284618.04","SABD0002000014","AAV2.0.0.13","3.0.1.1413","PSt7-10","180509-029","9/13/2019 10:47:01 AM","0000-00","0","no battery","V"
"10/22/2019","10:26:11","10","default","328281339","OXY_CH10","2.831","min","130.806","μmol/L","Humid","21.083","deg","131504","µV","39.006","°C","1014.000","hPa","36.0","pmil","0","55.560","deg","20.000","°C","100.000","%a.s.","22.340","deg","20.000","°C","962.000","hPa","0.861","-0.02617","0.00035","0","0","13.56","Humid","31.50","0","54.10","284609.85","SABD0002000014","AAV2.0.0.13","3.0.1.1413","PSt7-10","180509-029","9/13/2019 10:47:01 AM","0000-00","0","no battery","V"
"10/22/2019","10:26:12","10","default","328281339","OXY_CH10","2.847","min","130.737","μmol/L","Humid","21.086","deg","131502","µV","39.012","°C","1014.000","hPa","36.0","pmil","0","55.560","deg","20.000","°C","100.000","%a.s.","22.340","deg","20.000","°C","962.000","hPa","0.861","-0.02617","0.00035","0","0","13.56","Humid","31.50","0","54.10","284602.27","SABD0002000014","AAV2.0.0.13","3.0.1.1413","PSt7-10","180509-029","9/13/2019 10:47:01 AM","0000-00","0","no battery","V"
"10/22/2019","10:26:13","10","default","328281339","OXY_CH10","2.864","min","130.805","μmol/L","Humid","21.086","deg","131495","µV","39.000","°C","1014.000","hPa","36.0","pmil","0","55.560","deg","20.000","°C","100.000","%a.s.","22.340","deg","20.000","°C","962.000","hPa","0.861","-0.02617","0.00035","0","0","13.56","Humid","31.50","0","54.10","284588.34","SABD0002000014","AAV2.0.0.13","3.0.1.1413","PSt7-10","180509-029","9/13/2019 10:47:01 AM","0000-00","0","no battery","V"
"10/22/2019","10:26:14","10","default","328281339","OXY_CH10","2.881","min","130.794","μmol/L","Humid","21.084","deg","131505","µV","39.006","°C","1014.000","hPa","36.0","pmil","0","55.560","deg","20.000","°C","100.000","%a.s.","22.340","deg","20.000","°C","962.000","hPa","0.861","-0.02617","0.00035","0","0","13.56","Humid","31.50","0","54.10","284607.24","SABD0002000014","AAV2.0.0.13","3.0.1.1413","PSt7-10","180509-029","9/13/2019 10:47:01 AM","0000-00","0","no battery","V"
"10/22/2019","10:26:15","10","default","328281339","OXY_CH10","2.897","min","130.817","μmol/L","Humid","21.082","deg","131510","µV","39.006","°C","1014.000","hPa","36.0","pmil","0","55.560","deg","20.000","°C","100.000","%a.s.","22.340","deg","20.000","°C","962.000","hPa","0.861","-0.02617","0.00035","0","0","13.56","Humid","31.50","0","54.10","284601.02","SABD0002000014","AAV2.0.0.13","3.0.1.1413","PSt7-10","180509-029","9/13/2019 10:47:01 AM","0000-00","0","no battery","V"
"10/22/2019","10:26:16","10","default","328281339","OXY_CH10","2.914","min","130.782","μmol/L","Humid","21.088","deg","131503","µV","39.000","°C","1014.000","hPa","36.0","pmil","0","55.560","deg","20.000","°C","100.000","%a.s.","22.340","deg","20.000","°C","962.000","hPa","0.861","-0.02617","0.00035","0","0","13.56","Humid","31.50","0","54.10","284606.42","SABD0002000014","AAV2.0.0.13","3.0.1.1413","PSt7-10","180509-029","9/13/2019 10:47:01 AM","0000-00","0","no battery","V"
"10/22/2019","10:26:17","10","default","328281339","OXY_CH10","2.930","min","130.794","μmol/L","Humid","21.087","deg","131507","µV","39.000","°C","1014.000","hPa","36.0","pmil","0","55.560","deg","20.000","°C","100.000","%a.s.","22.340","deg","20.000","°C","962.000","hPa","0.861","-0.02617","0.00035","0","0","13.56","Humid","31.50","0","54.10","284597.54","SABD0002000014","AAV2.0.0.13","3.0.1.1413","PSt7-10","180509-029","9/13/2019 10:47:01 AM","0000-00","0","no battery","V"
"10/22/2019","10:26:18","10","default","328281339","OXY_CH10","2.947","min","130.817","μmol/L","Humid","21.085","deg","131502","µV","39.000","°C","1014.000","hPa","36.0","pmil","0","55.560","deg","20.000","°C","100.000","%a.s.","22.340","deg","20.000","°C","962.000","hPa","0.861","-0.02617","0.00035","0","0","13.56","Humid","31.50","0","54.10","284595.32","SABD0002000014","AAV2.0.0.13","3.0.1.1413","PSt7-10","180509-029","9/13/2019 10:47:01 AM","0000-00","0","no battery","V"
"10/22/2019","10:26:19","10","default","328281339","OXY_CH10","2.964","min","130.805","μmol/L","Humid","21.086","deg","131506","µV","39.000","°C","1014.000","hPa","36.0","pmil","0","55.560","deg","20.000","°C","100.000","%a.s.","22.340","deg","20.000","°C","962.000","hPa","0.861","-0.02617","0.00035","0","0","13.56","Humid","31.50","0","54.10","284610.78","SABD0002000014","AAV2.0.0.13","3.0.1.1413","PSt7-10","180509-029","9/13/2019 10:47:01 AM","0000-00","0","no battery","V"
"10/22/2019","10:26:20","10","default","328281339","OXY_CH10","2.980","min","130.805","μmol/L","Humid","21.086","deg","131507","µV","39.000","°C","1014.000","hPa","36.0","pmil","0","55.560","deg","20.000","°C","100.000","%a.s.","22.340","deg","20.000","°C","962.000","hPa","0.861","-0.02617","0.00035","0","0","13.56","Humid","31.50","0","54.10","284590.43","SABD0002000014","AAV2.0.0.13","3.0.1.1413","PSt7-10","180509-029","9/13/2019 10:47:01 AM","0000-00","0","no battery","V"
"10/22/2019","10:26:21","10","default","328281339","OXY_CH10","2.997","min","130.748","μmol/L","Humid","21.085","deg","131508","µV","39.012","°C","1014.000","hPa","36.0","pmil","0","55.560","deg","20.000","°C","100.000","%a.s.","22.340","deg","20.000","°C","962.000","hPa","0.861","-0.02617","0.00035","0","0","13.56","Humid","31.50","0","54.10","284601.17","SABD0002000014","AAV2.0.0.13","3.0.1.1413","PSt7-10","180509-029","9/13/2019 10:47:01 AM","0000-00","0","no battery","V"
"10/22/2019","10:26:22","10","default","328281339","OXY_CH10","3.013","min","130.794","μmol/L","Humid","21.087","deg","131507","µV","39.000","°C","1014.000","hPa","36.0","pmil","0","55.560","deg","20.000","°C","100.000","%a.s.","22.340","deg","20.000","°C","962.000","hPa","0.861","-0.02617","0.00035","0","0","13.56","Humid","31.50","0","54.10","284599.53","SABD0002000014","AAV2.0.0.13","3.0.1.1413","PSt7-10","180509-029","9/13/2019 10:47:01 AM","0000-00","0","no battery","V"
"10/22/2019","10:26:23","10","default","328281339","OXY_CH10","3.030","min","130.782","μmol/L","Humid","21.088","deg","131523","µV","39.000","°C","1014.000","hPa","36.0","pmil","0","55.560","deg","20.000","°C","100.000","%a.s.","22.340","deg","20.000","°C","962.000","hPa","0.861","-0.02617","0.00035","0","0","13.56","Humid","31.50","0","54.10","284604.50","SABD0002000014","AAV2.0.0.13","3.0.1.1413","PSt7-10","180509-029","9/13/2019 10:47:01 AM","0000-00","0","no battery","V"
"10/22/2019","10:26:24","10","default","328281339","OXY_CH10","3.047","min","130.771","μmol/L","Humid","21.086","deg","131510","µV","39.006","°C","1014.000","hPa","36.0","pmil","0","55.560","deg","20.000","°C","100.000","%a.s.","22.340","deg","20.000","°C","962.000","hPa","0.861","-0.02617","0.00035","0","0","13.56","Humid","31.50","0","54.10","284591.98","SABD0002000014","AAV2.0.0.13","3.0.1.1413","PSt7-10","180509-029","9/13/2019 10:47:01 AM","0000-00","0","no battery","V"
"10/22/2019","10:26:25","10","default","328281339","OXY_CH10","3.063","min","130.736","μmol/L","Humid","21.089","deg","131515","µV","39.006","°C","1014.000","hPa","36.0","pmil","0","55.560","deg","20.000","°C","100.000","%a.s.","22.340","deg","20.000","°C","962.000","hPa","0.861","-0.02617","0.00035","0","0","13.56","Humid","31.50","0","54.10","284592.97","SABD0002000014","AAV2.0.0.13","3.0.1.1413","PSt7-10","180509-029","9/13/2019 10:47:01 AM","0000-00","0","no battery","V"
"10/22/2019","10:26:26","10","default","328281339","OXY_CH10","3.080","min","130.770","μmol/L","Humid","21.089","deg","131508","µV","39.000","°C","1014.000","hPa","36.0","pmil","0","55.560","deg","20.000","°C","100.000","%a.s.","22.340","deg","20.000","°C","962.000","hPa","0.861","-0.02617","0.00035","0","0","13.56","Humid","31.50","0","54.10","284586.82","SABD0002000014","AAV2.0.0.13","3.0.1.1413","PSt7-10","180509-029","9/13/2019 10:47:01 AM","0000-00","0","no battery","V"
"10/22/2019","10:26:27","10","default","328281339","OXY_CH10","3.097","min","130.724","μmol/L","Humid","21.090","deg","131508","µV","39.006","°C","1014.000","hPa","36.0","pmil","0","55.560","deg","20.000","°C","100.000","%a.s.","22.340","deg","20.000","°C","962.000","hPa","0.861","-0.02617","0.00035","0","0","13.56","Humid","31.50","0","54.10","284584.28","SABD0002000014","AAV2.0.0.13","3.0.1.1413","PSt7-10","180509-029","9/13/2019 10:47:01 AM","0000-00","0","no battery","V"
"10/22/2019","10:26:28","10","default","328281339","OXY_CH10","3.114","min","130.759","μmol/L","Humid","21.090","deg","131516","µV","39.000","°C","1014.000","hPa","36.0","pmil","0","55.560","deg","20.000","°C","100.000","%a.s.","22.340","deg","20.000","°C","962.000","hPa","0.861","-0.02617","0.00035","0","0","13.56","Humid","31.50","0","54.10","284586.60","SABD0002000014","AAV2.0.0.13","3.0.1.1413","PSt7-10","180509-029","9/13/2019 10:47:01 AM","0000-00","0","no battery","V"
"10/22/2019","10:26:29","10","default","328281339","OXY_CH10","3.130","min","130.770","μmol/L","Humid","21.092","deg","131519","µV","38.994","°C","1014.000","hPa","36.0","pmil","0","55.560","deg","20.000","°C","100.000","%a.s.","22.340","deg","20.000","°C","962.000","hPa","0.861","-0.02617","0.00035","0","0","13.56","Humid","31.50","0","54.10","284587.57","SABD0002000014","AAV2.0.0.13","3.0.1.1413","PSt7-10","180509-029","9/13/2019 10:47:01 AM","0000-00","0","no battery","V"
"10/22/2019","10:26:30","10","default","328281339","OXY_CH10","3.147","min","130.736","μmol/L","Humid","21.092","deg","131517","µV","39.000","°C","1014.000","hPa","36.0","pmil","0","55.560","deg","20.000","°C","100.000","%a.s.","22.340","deg","20.000","°C","962.000","hPa","0.861","-0.02617","0.00035","0","0","13.56","Humid","31.50","0","54.10","284587.57","SABD0002000014","AAV2.0.0.13","3.0.1.1413","PSt7-10","180509-029","9/13/2019 10:47:01 AM","0000-00","0","no battery","V"
"10/22/2019","10:26:31","10","default","328281339","OXY_CH10","3.164","min","130.701","μmol/L","Humid","21.095","deg","131516","µV","39.000","°C","1014.000","hPa","36.0","pmil","0","55.560","deg","20.000","°C","100.000","%a.s.","22.340","deg","20.000","°C","962.000","hPa","0.861","-0.02617","0.00035","0","0","13.56","Humid","31.50","0","54.10","284590.94","SABD0002000014","AAV2.0.0.13","3.0.1.1413","PSt7-10","180509-029","9/13/2019 10:47:01 AM","0000-00","0","no battery","V"
"10/22/2019","10:26:32","10","default","328281339","OXY_CH10","3.181","min","130.793","μmol/L","Humid","21.090","deg","131513","µV","38.994","°C","1014.000","hPa","36.0","pmil","0","55.560","deg","20.000","°C","100.000","%a.s.","22.340","deg","20.000","°C","962.000","hPa","0.861","-0.02617","0.00035","0","0","13.56","Humid","31.50","0","54.10","284585.26","SABD0002000014","AAV2.0.0.13","3.0.1.1413","PSt7-10","180509-029","9/13/2019 10:47:01 AM","0000-00","0","no battery","V"
"10/22/2019","10:26:33","10","default","328281339","OXY_CH10","3.197","min","130.724","μmol/L","Humid","21.093","deg","131512","µV","39.000","°C","1014.000","hPa","36.0","pmil","0","55.560","deg","20.000","°C","100.000","%a.s.","22.340","deg","20.000","°C","962.000","hPa","0.861","-0.02617","0.00035","0","0","13.56","Humid","31.50","0","54.10","284574.27","SABD0002000014","AAV2.0.0.13","3.0.1.1413","PSt7-10","180509-029","9/13/2019 10:47:01 AM","0000-00","0","no battery","V"
"10/22/2019","10:26:34","10","default","328281339","OXY_CH10","3.214","min","130.655","μmol/L","Humid","21.093","deg","131518","µV","39.012","°C","1014.000","hPa","36.0","pmil","0","55.560","deg","20.000","°C","100.000","%a.s.","22.340","deg","20.000","°C","962.000","hPa","0.861","-0.02617","0.00035","0","0","13.56","Humid","31.50","0","54.10","284586.45","SABD0002000014","AAV2.0.0.13","3.0.1.1413","PSt7-10","180509-029","9/13/2019 10:47:01 AM","0000-00","0","no battery","V"
"10/22/2019","10:26:35","10","default","328281339","OXY_CH10","3.231","min","130.678","μmol/L","Humid","21.094","deg","131520","µV","39.006","°C","1014.000","hPa","36.0","pmil","0","55.560","deg","20.000","°C","100.000","%a.s.","22.340","deg","20.000","°C","962.000","hPa","0.861","-0.02617","0.00035","0","0","13.56","Humid","31.50","0","54.10","284584.55","SABD0002000014","AAV2.0.0.13","3.0.1.1413","PSt7-10","180509-029","9/13/2019 10:47:01 AM","0000-00","0","no battery","V"
"10/22/2019","10:26:36","10","default","328281339","OXY_CH10","3.247","min","130.736","μmol/L","Humid","21.092","deg","131528","µV","39.000","°C","1014.000","hPa","36.0","pmil","0","55.560","deg","20.000","°C","100.000","%a.s.","22.340","deg","20.000","°C","962.000","hPa","0.861","-0.02617","0.00035","0","0","13.56","Humid","31.50","0","54.10","284577.65","SABD0002000014","AAV2.0.0.13","3.0.1.1413","PSt7-10","180509-029","9/13/2019 10:47:01 AM","0000-00","0","no battery","V"
"10/22/2019","10:26:37","10","default","328281339","OXY_CH10","3.264","min","130.701","μmol/L","Humid","21.092","deg","131526","µV","39.006","°C","1014.000","hPa","36.0","pmil","0","55.560","deg","20.000","°C","100.000","%a.s.","22.340","deg","20.000","°C","962.000","hPa","0.861","-0.02617","0.00035","0","0","13.56","Humid","31.50","0","54.10","284581.13","SABD0002000014","AAV2.0.0.13","3.0.1.1413","PSt7-10","180509-029","9/13/2019 10:47:01 AM","0000-00","0","no battery","V"
"10/22/2019","10:26:38","10","default","328281339","OXY_CH10","3.281","min","130.747","μmol/L","Humid","21.094","deg","131525","µV","38.994","°C","1014.000","hPa","36.0","pmil","0","55.560","deg","20.000","°C","100.000","%a.s.","22.340","deg","20.000","°C","962.000","hPa","0.861","-0.02617","0.00035","0","0","13.56","Humid","31.50","0","54.10","284571.36","SABD0002000014","AAV2.0.0.13","3.0.1.1413","PSt7-10","180509-029","9/13/2019 10:47:01 AM","0000-00","0","no battery","V"
"10/22/2019","10:26:39","10","default","328281339","OXY_CH10","3.297","min","130.701","μmol/L","Humid","21.092","deg","131520","µV","39.006","°C","1014.000","hPa","36.0","pmil","0","55.560","deg","20.000","°C","100.000","%a.s.","22.340","deg","20.000","°C","962.000","hPa","0.861","-0.02617","0.00035","0","0","13.56","Humid","31.50","0","54.10","284574.52","SABD0002000014","AAV2.0.0.13","3.0.1.1413","PSt7-10","180509-029","9/13/2019 10:47:01 AM","0000-00","0","no battery","V"
"10/22/2019","10:26:40","10","default","328281339","OXY_CH10","3.313","min","130.712","μmol/L","Humid","21.097","deg","131516","µV","38.994","°C","1014.000","hPa","36.0","pmil","0","55.560","deg","20.000","°C","100.000","%a.s.","22.340","deg","20.000","°C","962.000","hPa","0.861","-0.02617","0.00035","0","0","13.56","Humid","31.50","0","54.10","284580.02","SABD0002000014","AAV2.0.0.13","3.0.1.1413","PSt7-10","180509-029","9/13/2019 10:47:01 AM","0000-00","0","no battery","V"
"10/22/2019","10:26:41","10","default","328281339","OXY_CH10","3.330","min","130.655","μmol/L","Humid","21.096","deg","131527","µV","39.006","°C","1014.000","hPa","36.0","pmil","0","55.560","deg","20.000","°C","100.000","%a.s.","22.340","deg","20.000","°C","962.000","hPa","0.861","-0.02617","0.00035","0","0","13.56","Humid","31.50","0","54.10","284568.57","SABD0002000014","AAV2.0.0.13","3.0.1.1413","PSt7-10","180509-029","9/13/2019 10:47:01 AM","0000-00","0","no battery","V"
"10/22/2019","10:26:42","10","default","328281339","OXY_CH10","3.347","min","130.689","μmol/L","Humid","21.096","deg","131520","µV","39.000","°C","1014.000","hPa","36.0","pmil","0","55.560","deg","20.000","°C","100.000","%a.s.","22.340","deg","20.000","°C","962.000","hPa","0.861","-0.02617","0.00035","0","0","13.56","Humid","31.50","0","54.10","284572.66","SABD0002000014","AAV2.0.0.13","3.0.1.1413","PSt7-10","180509-029","9/13/2019 10:47:01 AM","0000-00","0","no battery","V"
"10/22/2019","10:26:43","10","default","328281339","OXY_CH10","3.364","min","130.735","μmol/L","Humid","21.095","deg","131516","µV","38.994","°C","1014.000","hPa","36.0","pmil","0","55.560","deg","20.000","°C","100.000","%a.s.","22.340","deg","20.000","°C","962.000","hPa","0.861","-0.02617","0.00035","0","0","13.56","Humid","31.50","0","54.10","284575.77","SABD0002000014","AAV2.0.0.13","3.0.1.1413","PSt7-10","180509-029","9/13/2019 10:47:01 AM","0000-00","0","no battery","V"
"10/22/2019","10:26:44","10","default","328281339","OXY_CH10","3.381","min","130.689","μmol/L","Humid","21.096","deg","131520","µV","39.000","°C","1014.000","hPa","36.0","pmil","0","55.560","deg","20.000","°C","100.000","%a.s.","22.340","deg","20.000","°C","962.000","hPa","0.861","-0.02617","0.00035","0","0","13.56","Humid","31.50","0","54.10","284580.39","SABD0002000014","AAV2.0.0.13","3.0.1.1413","PSt7-10","180509-029","9/13/2019 10:47:01 AM","0000-00","0","no battery","V"
"10/22/2019","10:26:45","10","default","328281339","OXY_CH10","3.397","min","130.735","μmol/L","Humid","21.095","deg","131514","µV","38.994","°C","1014.000","hPa","36.0","pmil","0","55.560","deg","20.000","°C","100.000","%a.s.","22.340","deg","20.000","°C","962.000","hPa","0.861","-0.02617","0.00035","0","0","13.56","Humid","31.50","0","54.10","284563.33","SABD0002000014","AAV2.0.0.13","3.0.1.1413","PSt7-10","180509-029","9/13/2019 10:47:01 AM","0000-00","0","no battery","V"
"10/22/2019","10:26:46","10","default","328281339","OXY_CH10","3.414","min","130.724","μmol/L","Humid","21.093","deg","131516","µV","39.000","°C","1014.000","hPa","36.0","pmil","0","55.560","deg","20.000","°C","100.000","%a.s.","22.340","deg","20.000","°C","962.000","hPa","0.861","-0.02617","0.00035","0","0","13.56","Humid","31.50","0","54.10","284565.84","SABD0002000014","AAV2.0.0.13","3.0.1.1413","PSt7-10","180509-029","9/13/2019 10:47:01 AM","0000-00","0","no battery","V"
"10/22/2019","10:26:47","10","default","328281339","OXY_CH10","3.430","min","130.689","μmol/L","Humid","21.096","deg","131511","µV","39.000","°C","1014.000","hPa","36.0","pmil","0","55.560","deg","20.000","°C","100.000","%a.s.","22.340","deg","20.000","°C","962.000","hPa","0.861","-0.02617","0.00035","0","0","13.56","Humid","31.50","0","54.10","284554.50","SABD0002000014","AAV2.0.0.13","3.0.1.1413","PSt7-10","180509-029","9/13/2019 10:47:01 AM","0000-00","0","no battery","V"
"10/22/2019","10:26:48","10","default","328281339","OXY_CH10","3.447","min","130.770","μmol/L","Humid","21.092","deg","131509","µV","38.994","°C","1014.000","hPa","36.0","pmil","0","55.560","deg","20.000","°C","100.000","%a.s.","22.340","deg","20.000","°C","962.000","hPa","0.861","-0.02617","0.00035","0","0","13.56","Humid","31.50","0","54.10","284561.95","SABD0002000014","AAV2.0.0.13","3.0.1.1413","PSt7-10","180509-029","9/13/2019 10:47:01 AM","0000-00","0","no battery","V"
"10/22/2019","10:26:49","10","default","328281339","OXY_CH10","3.464","min","130.712","μmol/L","Humid","21.097","deg","131502","µV","38.994","°C","1014.000","hPa","36.0","pmil","0","55.560","deg","20.000","°C","100.000","%a.s.","22.340","deg","20.000","°C","962.000","hPa","0.861","-0.02617","0.00035","0","0","13.56","Humid","31.50","0","54.10","284558.05","SABD0002000014","AAV2.0.0.13","3.0.1.1413","PSt7-10","180509-029","9/13/2019 10:47:01 AM","0000-00","0","no battery","V"
"10/22/2019","10:26:50","10","default","328281339","OXY_CH10","3.480","min","130.735","μmol/L","Humid","21.095","deg","131503","µV","38.994","°C","1014.000","hPa","36.0","pmil","0","55.560","deg","20.000","°C","100.000","%a.s.","22.340","deg","20.000","°C","962.000","hPa","0.861","-0.02617","0.00035","0","0","13.56","Humid","31.50","0","54.10","284556.13","SABD0002000014","AAV2.0.0.13","3.0.1.1413","PSt7-10","180509-029","9/13/2019 10:47:01 AM","0000-00","0","no battery","V"
"10/22/2019","10:26:51","10","default","328281339","OXY_CH10","3.497","min","130.747","μmol/L","Humid","21.094","deg","131500","µV","38.994","°C","1014.000","hPa","36.0","pmil","0","55.560","deg","20.000","°C","100.000","%a.s.","22.340","deg","20.000","°C","962.000","hPa","0.861","-0.02617","0.00035","0","0","13.56","Humid","31.50","0","54.10","284554.84","SABD0002000014","AAV2.0.0.13","3.0.1.1413","PSt7-10","180509-029","9/13/2019 10:47:01 AM","0000-00","0","no battery","V"
"10/22/2019","10:26:52","10","default","328281339","OXY_CH10","3.514","min","130.736","μmol/L","Humid","21.092","deg","131500","µV","39.000","°C","1014.000","hPa","36.0","pmil","0","55.560","deg","20.000","°C","100.000","%a.s.","22.340","deg","20.000","°C","962.000","hPa","0.861","-0.02617","0.00035","0","0","13.56","Humid","31.50","0","54.10","284555.51","SABD0002000014","AAV2.0.0.13","3.0.1.1413","PSt7-10","180509-029","9/13/2019 10:47:01 AM","0000-00","0","no battery","V"
"10/22/2019","10:26:53","10","default","328281339","OXY_CH10","3.530","min","130.747","μmol/L","Humid","21.094","deg","131503","µV","38.994","°C","1014.000","hPa","36.0","pmil","0","55.560","deg","20.000","°C","100.000","%a.s.","22.340","deg","20.000","°C","962.000","hPa","0.861","-0.02617","0.00035","0","0","13.56","Humid","31.50","0","54.10","284547.78","SABD0002000014","AAV2.0.0.13","3.0.1.1413","PSt7-10","180509-029","9/13/2019 10:47:01 AM","0000-00","0","no battery","V"
"10/22/2019","10:26:54","10","default","328281339","OXY_CH10","3.548","min","130.736","μmol/L","Humid","21.092","deg","131505","µV","39.000","°C","1014.000","hPa","36.0","pmil","0","55.560","deg","20.000","°C","100.000","%a.s.","22.340","deg","20.000","°C","962.000","hPa","0.861","-0.02617","0.00035","0","0","13.56","Humid","31.50","0","54.10","284555.84","SABD0002000014","AAV2.0.0.13","3.0.1.1413","PSt7-10","180509-029","9/13/2019 10:47:01 AM","0000-00","0","no battery","V"
"10/22/2019","10:26:55","10","default","328281339","OXY_CH10","3.564","min","130.770","μmol/L","Humid","21.092","deg","131500","µV","38.994","°C","1014.000","hPa","36.0","pmil","0","55.560","deg","20.000","°C","100.000","%a.s.","22.340","deg","20.000","°C","962.000","hPa","0.861","-0.02617","0.00035","0","0","13.56","Humid","31.50","0","54.10","284562.11","SABD0002000014","AAV2.0.0.13","3.0.1.1413","PSt7-10","180509-029","9/13/2019 10:47:01 AM","0000-00","0","no battery","V"
"10/22/2019","10:26:56","10","default","328281339","OXY_CH10","3.581","min","130.643","μmol/L","Humid","21.097","deg","131502","µV","39.006","°C","1014.000","hPa","36.0","pmil","0","55.560","deg","20.000","°C","100.000","%a.s.","22.340","deg","20.000","°C","962.000","hPa","0.861","-0.02617","0.00035","0","0","13.56","Humid","31.50","0","54.10","284549.78","SABD0002000014","AAV2.0.0.13","3.0.1.1413","PSt7-10","180509-029","9/13/2019 10:47:01 AM","0000-00","0","no battery","V"
"10/22/2019","10:26:57","10","default","328281339","OXY_CH10","3.597","min","130.724","μmol/L","Humid","21.096","deg","131501","µV","38.994","°C","1014.000","hPa","36.0","pmil","0","55.560","deg","20.000","°C","100.000","%a.s.","22.340","deg","20.000","°C","962.000","hPa","0.861","-0.02617","0.00035","0","0","13.56","Humid","31.50","0","54.10","284541.43","SABD0002000014","AAV2.0.0.13","3.0.1.1413","PSt7-10","180509-029","9/13/2019 10:47:01 AM","0000-00","0","no battery","V"
"10/22/2019","10:26:58","10","default","328281339","OXY_CH10","3.613","min","130.735","μmol/L","Humid","21.095","deg","131495","µV","38.994","°C","1014.000","hPa","36.0","pmil","0","55.560","deg","20.000","°C","100.000","%a.s.","22.340","deg","20.000","°C","962.000","hPa","0.861","-0.02617","0.00035","0","0","13.56","Humid","31.50","0","54.10","284545.95","SABD0002000014","AAV2.0.0.13","3.0.1.1413","PSt7-10","180509-029","9/13/2019 10:47:01 AM","0000-00","0","no battery","V"
"10/22/2019","10:26:59","10","default","328281339","OXY_CH10","3.631","min","130.678","μmol/L","Humid","21.097","deg","131500","µV","39.000","°C","1014.000","hPa","36.0","pmil","0","55.560","deg","20.000","°C","100.000","%a.s.","22.340","deg","20.000","°C","962.000","hPa","0.861","-0.02617","0.00035","0","0","13.56","Humid","31.50","0","54.10","284545.05","SABD0002000014","AAV2.0.0.13","3.0.1.1413","PSt7-10","180509-029","9/13/2019 10:47:01 AM","0000-00","0","no battery","V"
"10/22/2019","10:27:00","10","default","328281339","OXY_CH10","3.647","min","130.678","μmol/L","Humid","21.097","deg","131499","µV","39.000","°C","1014.000","hPa","36.0","pmil","0","55.560","deg","20.000","°C","100.000","%a.s.","22.340","deg","20.000","°C","962.000","hPa","0.861","-0.02617","0.00035","0","0","13.56","Humid","31.50","0","54.10","284543.01","SABD0002000014","AAV2.0.0.13","3.0.1.1413","PSt7-10","180509-029","9/13/2019 10:47:01 AM","0000-00","0","no battery","V"
"10/22/2019","10:27:01","10","default","328281339","OXY_CH10","3.664","min","130.689","μmol/L","Humid","21.096","deg","131493","µV","39.000","°C","1014.000","hPa","36.0","pmil","0","55.560","deg","20.000","°C","100.000","%a.s.","22.340","deg","20.000","°C","962.000","hPa","0.861","-0.02617","0.00035","0","0","13.56","Humid","31.50","0","54.10","284550.85","SABD0002000014","AAV2.0.0.13","3.0.1.1413","PSt7-10","180509-029","9/13/2019 10:47:01 AM","0000-00","0","no battery","V"
"10/22/2019","10:27:02","10","default","328281339","OXY_CH10","3.680","min","130.700","μmol/L","Humid","21.098","deg","131503","µV","38.994","°C","1014.000","hPa","36.0","pmil","0","55.560","deg","20.000","°C","100.000","%a.s.","22.340","deg","20.000","°C","962.000","hPa","0.861","-0.02617","0.00035","0","0","13.56","Humid","31.50","0","54.10","284541.87","SABD0002000014","AAV2.0.0.13","3.0.1.1413","PSt7-10","180509-029","9/13/2019 10:47:01 AM","0000-00","0","no battery","V"
"10/22/2019","10:27:03","10","default","328281339","OXY_CH10","3.697","min","130.688","μmol/L","Humid","21.102","deg","131503","µV","38.988","°C","1014.000","hPa","36.0","pmil","0","55.560","deg","20.000","°C","100.000","%a.s.","22.340","deg","20.000","°C","962.000","hPa","0.861","-0.02617","0.00035","0","0","13.56","Humid","31.50","0","54.10","284542.79","SABD0002000014","AAV2.0.0.13","3.0.1.1413","PSt7-10","180509-029","9/13/2019 10:47:01 AM","0000-00","0","no battery","V"
"10/22/2019","10:27:04","10","default","328281339","OXY_CH10","3.714","min","130.643","μmol/L","Humid","21.100","deg","131507","µV","39.000","°C","1014.000","hPa","36.0","pmil","0","55.560","deg","20.000","°C","100.000","%a.s.","22.340","deg","20.000","°C","962.000","hPa","0.861","-0.02617","0.00035","0","0","13.56","Humid","31.50","0","54.10","284540.76","SABD0002000014","AAV2.0.0.13","3.0.1.1413","PSt7-10","180509-029","9/13/2019 10:47:01 AM","0000-00","0","no battery","V"
"10/22/2019","10:27:05","10","default","328281339","OXY_CH10","3.731","min","130.723","μmol/L","Humid","21.099","deg","131506","µV","38.988","°C","1014.000","hPa","36.0","pmil","0","55.560","deg","20.000","°C","100.000","%a.s.","22.340","deg","20.000","°C","962.000","hPa","0.861","-0.02617","0.00035","0","0","13.56","Humid","31.50","0","54.10","284541.28","SABD0002000014","AAV2.0.0.13","3.0.1.1413","PSt7-10","180509-029","9/13/2019 10:47:01 AM","0000-00","0","no battery","V"
"10/22/2019","10:27:06","10","default","328281339","OXY_CH10","3.747","min","130.712","μmol/L","Humid","21.097","deg","131502","µV","38.994","°C","1014.000","hPa","36.0","pmil","0","55.560","deg","20.000","°C","100.000","%a.s.","22.340","deg","20.000","°C","962.000","hPa","0.861","-0.02617","0.00035","0","0","13.56","Humid","31.50","0","54.10","284538.60","SABD0002000014","AAV2.0.0.13","3.0.1.1413","PSt7-10","180509-029","9/13/2019 10:47:01 AM","0000-00","0","no battery","V"
"10/22/2019","10:27:07","10","default","328281339","OXY_CH10","3.764","min","130.735","μmol/L","Humid","21.095","deg","131497","µV","38.994","°C","1014.000","hPa","36.0","pmil","0","55.560","deg","20.000","°C","100.000","%a.s.","22.340","deg","20.000","°C","962.000","hPa","0.861","-0.02617","0.00035","0","0","13.56","Humid","31.50","0","54.10","284522.23","SABD0002000014","AAV2.0.0.13","3.0.1.1413","PSt7-10","180509-029","9/13/2019 10:47:01 AM","0000-00","0","no battery","V"
"10/22/2019","10:27:08","10","default","328281339","OXY_CH10","3.780","min","130.712","μmol/L","Humid","21.097","deg","131489","µV","38.994","°C","1014.000","hPa","36.0","pmil","0","55.560","deg","20.000","°C","100.000","%a.s.","22.340","deg","20.000","°C","962.000","hPa","0.861","-0.02617","0.00035","0","0","13.56","Humid","31.50","0","54.10","284533.50","SABD0002000014","AAV2.0.0.13","3.0.1.1413","PSt7-10","180509-029","9/13/2019 10:47:01 AM","0000-00","0","no battery","V"
"10/22/2019","10:27:09","10","default","328281339","OXY_CH10","3.797","min","130.643","μmol/L","Humid","21.100","deg","131494","µV","39.000","°C","1014.000","hPa","36.0","pmil","0","55.560","deg","20.000","°C","100.000","%a.s.","22.340","deg","20.000","°C","962.000","hPa","0.861","-0.02617","0.00035","0","0","13.56","Humid","31.50","0","54.10","284531.14","SABD0002000014","AAV2.0.0.13","3.0.1.1413","PSt7-10","180509-029","9/13/2019 10:47:01 AM","0000-00","0","no battery","V"
"10/22/2019","10:27:10","10","default","328281339","OXY_CH10","3.814","min","130.746","μmol/L","Humid","21.097","deg","131501","µV","38.988","°C","1014.000","hPa","36.0","pmil","0","55.560","deg","20.000","°C","100.000","%a.s.","22.340","deg","20.000","°C","962.000","hPa","0.861","-0.02617","0.00035","0","0","13.56","Humid","31.50","0","54.10","284528.60","SABD0002000014","AAV2.0.0.13","3.0.1.1413","PSt7-10","180509-029","9/13/2019 10:47:01 AM","0000-00","0","no battery","V"
"10/22/2019","10:27:11","10","default","328281339","OXY_CH10","3.830","min","130.700","μmol/L","Humid","21.101","deg","131499","µV","38.988","°C","1014.000","hPa","36.0","pmil","0","55.560","deg","20.000","°C","100.000","%a.s.","22.340","deg","20.000","°C","962.000","hPa","0.861","-0.02617","0.00035","0","0","13.56","Humid","31.50","0","54.10","284527.72","SABD0002000014","AAV2.0.0.13","3.0.1.1413","PSt7-10","180509-029","9/13/2019 10:47:01 AM","0000-00","0","no battery","V"
"10/22/2019","10:27:12","10","default","328281339","OXY_CH10","3.847","min","130.677","μmol/L","Humid","21.100","deg","131500","µV","38.994","°C","1014.000","hPa","36.0","pmil","0","55.560","deg","20.000","°C","100.000","%a.s.","22.340","deg","20.000","°C","962.000","hPa","0.861","-0.02617","0.00035","0","0","13.56","Humid","31.50","0","54.10","284525.52","SABD0002000014","AAV2.0.0.13","3.0.1.1413","PSt7-10","180509-029","9/13/2019 10:47:01 AM","0000-00","0","no battery","V"
"10/22/2019","10:27:13","10","default","328281339","OXY_CH10","3.864","min","130.700","μmol/L","Humid","21.101","deg","131506","µV","38.988","°C","1014.000","hPa","36.0","pmil","0","55.560","deg","20.000","°C","100.000","%a.s.","22.340","deg","20.000","°C","962.000","hPa","0.861","-0.02617","0.00035","0","0","13.56","Humid","31.50","0","54.10","284526.38","SABD0002000014","AAV2.0.0.13","3.0.1.1413","PSt7-10","180509-029","9/13/2019 10:47:01 AM","0000-00","0","no battery","V"
"10/22/2019","10:27:14","10","default","328281339","OXY_CH10","3.880","min","130.700","μmol/L","Humid","21.101","deg","131499","µV","38.988","°C","1014.000","hPa","36.0","pmil","0","55.560","deg","20.000","°C","100.000","%a.s.","22.340","deg","20.000","°C","962.000","hPa","0.861","-0.02617","0.00035","0","0","13.56","Humid","31.50","0","54.10","284526.23","SABD0002000014","AAV2.0.0.13","3.0.1.1413","PSt7-10","180509-029","9/13/2019 10:47:01 AM","0000-00","0","no battery","V"
"10/22/2019","10:27:15","10","default","328281339","OXY_CH10","3.900","min","130.609","μmol/L","Humid","21.100","deg","131511","µV","39.006","°C","1014.000","hPa","36.0","pmil","0","55.560","deg","20.000","°C","100.000","%a.s.","22.340","deg","20.000","°C","962.000","hPa","0.861","-0.02617","0.00035","0","0","13.56","Humid","31.50","0","54.10","284542.95","SABD0002000014","AAV2.0.0.13","3.0.1.1413","PSt7-10","180509-029","9/13/2019 10:47:01 AM","0000-00","0","no battery","V"
"10/22/2019","10:27:16","10","default","328281339","OXY_CH10","3.914","min","130.677","μmol/L","Humid","21.100","deg","131494","µV","38.994","°C","1014.000","hPa","36.0","pmil","0","55.560","deg","20.000","°C","100.000","%a.s.","22.340","deg","20.000","°C","962.000","hPa","0.861","-0.02617","0.00035","0","0","13.56","Humid","31.50","0","54.10","284522.73","SABD0002000014","AAV2.0.0.13","3.0.1.1413","PSt7-10","180509-029","9/13/2019 10:47:01 AM","0000-00","0","no battery","V"
"10/22/2019","10:27:17","10","default","328281339","OXY_CH10","3.930","min","130.711","μmol/L","Humid","21.100","deg","131499","µV","38.988","°C","1014.000","hPa","36.0","pmil","0","55.560","deg","20.000","°C","100.000","%a.s.","22.340","deg","20.000","°C","962.000","hPa","0.861","-0.02617","0.00035","0","0","13.56","Humid","31.50","0","54.10","284518.41","SABD0002000014","AAV2.0.0.13","3.0.1.1413","PSt7-10","180509-029","9/13/2019 10:47:01 AM","0000-00","0","no battery","V"
"10/22/2019","10:27:18","10","default","328281339","OXY_CH10","3.947","min","130.654","μmol/L","Humid","21.102","deg","131503","µV","38.994","°C","1014.000","hPa","36.0","pmil","0","55.560","deg","20.000","°C","100.000","%a.s.","22.340","deg","20.000","°C","962.000","hPa","0.861","-0.02617","0.00035","0","0","13.56","Humid","31.50","0","54.10","284518.97","SABD0002000014","AAV2.0.0.13","3.0.1.1413","PSt7-10","180509-029","9/13/2019 10:47:01 AM","0000-00","0","no battery","V"
"10/22/2019","10:27:19","10","default","328281339","OXY_CH10","3.964","min","130.608","μmol/L","Humid","21.103","deg","131493","µV","39.000","°C","1014.000","hPa","36.0","pmil","0","55.560","deg","20.000","°C","100.000","%a.s.","22.340","deg","20.000","°C","962.000","hPa","0.861","-0.02617","0.00035","0","0","13.56","Humid","31.50","0","54.10","284526.06","SABD0002000014","AAV2.0.0.13","3.0.1.1413","PSt7-10","180509-029","9/13/2019 10:47:01 AM","0000-00","0","no battery","V"
"10/22/2019","10:27:20","10","default","328281339","OXY_CH10","3.980","min","130.700","μmol/L","Humid","21.098","deg","131489","µV","38.994","°C","1014.000","hPa","36.0","pmil","0","55.560","deg","20.000","°C","100.000","%a.s.","22.340","deg","20.000","°C","962.000","hPa","0.861","-0.02617","0.00035","0","0","13.56","Humid","31.50","0","54.10","284513.69","SABD0002000014","AAV2.0.0.13","3.0.1.1413","PSt7-10","180509-029","9/13/2019 10:47:01 AM","0000-00","0","no battery","V"
"10/22/2019","10:27:21","10","default","328281339","OXY_CH10","3.997","min","130.620","μmol/L","Humid","21.102","deg","131505","µV","39.000","°C","1014.000","hPa","36.0","pmil","0","55.560","deg","20.000","°C","100.000","%a.s.","22.340","deg","20.000","°C","962.000","hPa","0.861","-0.02617","0.00035","0","0","13.56","Humid","31.50","0","54.10","284525.00","SABD0002000014","AAV2.0.0.13","3.0.1.1413","PSt7-10","180509-029","9/13/2019 10:47:01 AM","0000-00","0","no battery","V"
"10/22/2019","10:27:22","10","default","328281339","OXY_CH10","4.014","min","130.642","μmol/L","Humid","21.103","deg","131509","µV","38.994","°C","1014.000","hPa","36.0","pmil","0","55.560","deg","20.000","°C","100.000","%a.s.","22.340","deg","20.000","°C","962.000","hPa","0.861","-0.02617","0.00035","0","0","13.56","Humid","31.50","0","54.10","284530.50","SABD0002000014","AAV2.0.0.13","3.0.1.1413","PSt7-10","180509-029","9/13/2019 10:47:01 AM","0000-00","0","no battery","V"
"10/22/2019","10:27:23","10","default","328281339","OXY_CH10","4.031","min","130.688","μmol/L","Humid","21.102","deg","131508","µV","38.988","°C","1014.000","hPa","36.0","pmil","0","55.560","deg","20.000","°C","100.000","%a.s.","22.340","deg","20.000","°C","962.000","hPa","0.861","-0.02617","0.00035","0","0","13.56","Humid","31.50","0","54.10","284511.14","SABD0002000014","AAV2.0.0.13","3.0.1.1413","PSt7-10","180509-029","9/13/2019 10:47:01 AM","0000-00","0","no battery","V"
"10/22/2019","10:27:24","10","default","328281339","OXY_CH10","4.047","min","130.642","μmol/L","Humid","21.106","deg","131500","µV","38.988","°C","1014.000","hPa","36.0","pmil","0","55.560","deg","20.000","°C","100.000","%a.s.","22.340","deg","20.000","°C","962.000","hPa","0.861","-0.02617","0.00035","0","0","13.56","Humid","31.50","0","54.10","284505.49","SABD0002000014","AAV2.0.0.13","3.0.1.1413","PSt7-10","180509-029","9/13/2019 10:47:01 AM","0000-00","0","no battery","V"
"10/22/2019","10:27:25","10","default","328281339","OXY_CH10","4.064","min","130.619","μmol/L","Humid","21.105","deg","131506","µV","38.994","°C","1014.000","hPa","36.0","pmil","0","55.560","deg","20.000","°C","100.000","%a.s.","22.340","deg","20.000","°C","962.000","hPa","0.861","-0.02617","0.00035","0","0","13.56","Humid","31.50","0","54.10","284512.74","SABD0002000014","AAV2.0.0.13","3.0.1.1413","PSt7-10","180509-029","9/13/2019 10:47:01 AM","0000-00","0","no battery","V"
"10/22/2019","10:27:26","10","default","328281339","OXY_CH10","4.080","min","130.688","μmol/L","Humid","21.102","deg","131494","µV","38.988","°C","1014.000","hPa","36.0","pmil","0","55.560","deg","20.000","°C","100.000","%a.s.","22.340","deg","20.000","°C","962.000","hPa","0.861","-0.02617","0.00035","0","0","13.56","Humid","31.50","0","54.10","284511.36","SABD0002000014","AAV2.0.0.13","3.0.1.1413","PSt7-10","180509-029","9/13/2019 10:47:01 AM","0000-00","0","no battery","V"
"10/22/2019","10:27:27","10","default","328281339","OXY_CH10","4.097","min","130.642","μmol/L","Humid","21.103","deg","131497","µV","38.994","°C","1014.000","hPa","36.0","pmil","0","55.560","deg","20.000","°C","100.000","%a.s.","22.340","deg","20.000","°C","962.000","hPa","0.861","-0.02617","0.00035","0","0","13.56","Humid","31.50","0","54.10","284506.55","SABD0002000014","AAV2.0.0.13","3.0.1.1413","PSt7-10","180509-029","9/13/2019 10:47:01 AM","0000-00","0","no battery","V"
"10/22/2019","10:27:28","10","default","328281339","OXY_CH10","4.114","min","130.619","μmol/L","Humid","21.105","deg","131496","µV","38.994","°C","1014.000","hPa","36.0","pmil","0","55.560","deg","20.000","°C","100.000","%a.s.","22.340","deg","20.000","°C","962.000","hPa","0.861","-0.02617","0.00035","0","0","13.56","Humid","31.50","0","54.10","284505.25","SABD0002000014","AAV2.0.0.13","3.0.1.1413","PSt7-10","180509-029","9/13/2019 10:47:01 AM","0000-00","0","no battery","V"
"10/22/2019","10:27:29","10","default","328281339","OXY_CH10","4.131","min","130.665","μmol/L","Humid","21.104","deg","131499","µV","38.988","°C","1014.000","hPa","36.0","pmil","0","55.560","deg","20.000","°C","100.000","%a.s.","22.340","deg","20.000","°C","962.000","hPa","0.861","-0.02617","0.00035","0","0","13.56","Humid","31.50","0","54.10","284510.77","SABD0002000014","AAV2.0.0.13","3.0.1.1413","PSt7-10","180509-029","9/13/2019 10:47:01 AM","0000-00","0","no battery","V"
"10/22/2019","10:27:30","10","default","328281339","OXY_CH10","4.147","min","130.654","μmol/L","Humid","21.105","deg","131502","µV","38.988","°C","1014.000","hPa","36.0","pmil","0","55.560","deg","20.000","°C","100.000","%a.s.","22.340","deg","20.000","°C","962.000","hPa","0.861","-0.02617","0.00035","0","0","13.56","Humid","31.50","0","54.10","284501.10","SABD0002000014","AAV2.0.0.13","3.0.1.1413","PSt7-10","180509-029","9/13/2019 10:47:01 AM","0000-00","0","no battery","V"
"10/22/2019","10:27:31","10","default","328281339","OXY_CH10","4.164","min","130.642","μmol/L","Humid","21.103","deg","131498","µV","38.994","°C","1014.000","hPa","36.0","pmil","0","55.560","deg","20.000","°C","100.000","%a.s.","22.340","deg","20.000","°C","962.000","hPa","0.861","-0.02617","0.00035","0","0","13.56","Humid","31.50","0","54.10","284502.15","SABD0002000014","AAV2.0.0.13","3.0.1.1413","PSt7-10","180509-029","9/13/2019 10:47:01 AM","0000-00","0","no battery","V"
"10/22/2019","10:27:32","10","default","328281339","OXY_CH10","4.181","min","130.585","μmol/L","Humid","21.105","deg","131495","µV","39.000","°C","1014.000","hPa","36.0","pmil","0","55.560","deg","20.000","°C","100.000","%a.s.","22.340","deg","20.000","°C","962.000","hPa","0.861","-0.02617","0.00035","0","0","13.56","Humid","31.50","0","54.10","284500.86","SABD0002000014","AAV2.0.0.13","3.0.1.1413","PSt7-10","180509-029","9/13/2019 10:47:01 AM","0000-00","0","no battery","V"
"10/22/2019","10:27:33","10","default","328281339","OXY_CH10","4.197","min","130.677","μmol/L","Humid","21.103","deg","131493","µV","38.988","°C","1014.000","hPa","36.0","pmil","0","55.560","deg","20.000","°C","100.000","%a.s.","22.340","deg","20.000","°C","962.000","hPa","0.861","-0.02617","0.00035","0","0","13.56","Humid","31.50","0","54.10","284498.43","SABD0002000014","AAV2.0.0.13","3.0.1.1413","PSt7-10","180509-029","9/13/2019 10:47:01 AM","0000-00","0","no battery","V"
"10/22/2019","10:27:34","10","default","328281339","OXY_CH10","4.214","min","130.573","μmol/L","Humid","21.109","deg","131495","µV","38.994","°C","1014.000","hPa","36.0","pmil","0","55.560","deg","20.000","°C","100.000","%a.s.","22.340","deg","20.000","°C","962.000","hPa","0.861","-0.02617","0.00035","0","0","13.56","Humid","31.50","0","54.10","284493.43","SABD0002000014","AAV2.0.0.13","3.0.1.1413","PSt7-10","180509-029","9/13/2019 10:47:01 AM","0000-00","0","no battery","V"
"10/22/2019","10:27:35","10","default","328281339","OXY_CH10","4.230","min","130.550","μmol/L","Humid","21.108","deg","131497","µV","39.000","°C","1014.000","hPa","36.0","pmil","0","55.560","deg","20.000","°C","100.000","%a.s.","22.340","deg","20.000","°C","962.000","hPa","0.861","-0.02617","0.00035","0","0","13.56","Humid","31.50","0","54.10","284498.82","SABD0002000014","AAV2.0.0.13","3.0.1.1413","PSt7-10","180509-029","9/13/2019 10:47:01 AM","0000-00","0","no battery","V"
"10/22/2019","10:27:36","10","default","328281339","OXY_CH10","4.247","min","130.608","μmol/L","Humid","21.106","deg","131501","µV","38.994","°C","1014.000","hPa","36.0","pmil","0","55.560","deg","20.000","°C","100.000","%a.s.","22.340","deg","20.000","°C","962.000","hPa","0.861","-0.02617","0.00035","0","0","13.56","Humid","31.50","0","54.10","284493.63","SABD0002000014","AAV2.0.0.13","3.0.1.1413","PSt7-10","180509-029","9/13/2019 10:47:01 AM","0000-00","0","no battery","V"
"10/22/2019","10:27:37","10","default","328281339","OXY_CH10","4.264","min","130.596","μmol/L","Humid","21.107","deg","131500","µV","38.994","°C","1014.000","hPa","36.0","pmil","0","55.560","deg","20.000","°C","100.000","%a.s.","22.340","deg","20.000","°C","962.000","hPa","0.861","-0.02617","0.00035","0","0","13.56","Humid","31.50","0","54.10","284488.15","SABD0002000014","AAV2.0.0.13","3.0.1.1413","PSt7-10","180509-029","9/13/2019 10:47:01 AM","0000-00","0","no battery","V"
"10/22/2019","10:27:38","10","default","328281339","OXY_CH10","4.280","min","130.653","μmol/L","Humid","21.108","deg","131494","µV","38.981","°C","1014.000","hPa","36.0","pmil","0","55.560","deg","20.000","°C","100.000","%a.s.","22.340","deg","20.000","°C","962.000","hPa","0.861","-0.02617","0.00035","0","0","13.56","Humid","31.50","0","54.10","284490.05","SABD0002000014","AAV2.0.0.13","3.0.1.1413","PSt7-10","180509-029","9/13/2019 10:47:01 AM","0000-00","0","no battery","V"
"10/22/2019","10:27:39","10","default","328281339","OXY_CH10","4.297","min","130.630","μmol/L","Humid","21.107","deg","131493","µV","38.988","°C","1014.000","hPa","36.0","pmil","0","55.560","deg","20.000","°C","100.000","%a.s.","22.340","deg","20.000","°C","962.000","hPa","0.861","-0.02617","0.00035","0","0","13.56","Humid","31.50","0","54.10","284481.25","SABD0002000014","AAV2.0.0.13","3.0.1.1413","PSt7-10","180509-029","9/13/2019 10:47:01 AM","0000-00","0","no battery","V"
"10/22/2019","10:27:40","10","default","328281339","OXY_CH10","4.314","min","130.607","μmol/L","Humid","21.109","deg","131489","µV","38.988","°C","1014.000","hPa","36.0","pmil","0","55.560","deg","20.000","°C","100.000","%a.s.","22.340","deg","20.000","°C","962.000","hPa","0.861","-0.02617","0.00035","0","0","13.56","Humid","31.50","0","54.10","284481.54","SABD0002000014","AAV2.0.0.13","3.0.1.1413","PSt7-10","180509-029","9/13/2019 10:47:01 AM","0000-00","0","no battery","V"
"10/22/2019","10:27:41","10","default","328281339","OXY_CH10","4.331","min","130.596","μmol/L","Humid","21.107","deg","131495","µV","38.994","°C","1014.000","hPa","36.0","pmil","0","55.560","deg","20.000","°C","100.000","%a.s.","22.340","deg","20.000","°C","962.000","hPa","0.861","-0.02617","0.00035","0","0","13.56","Humid","31.50","0","54.10","284490.68","SABD0002000014","AAV2.0.0.13","3.0.1.1413","PSt7-10","180509-029","9/13/2019 10:47:01 AM","0000-00","0","no battery","V"
"10/22/2019","10:27:42","10","default","328281339","OXY_CH10","4.347","min","130.619","μmol/L","Humid","21.108","deg","131491","µV","38.988","°C","1014.000","hPa","36.0","pmil","0","55.560","deg","20.000","°C","100.000","%a.s.","22.340","deg","20.000","°C","962.000","hPa","0.861","-0.02617","0.00035","0","0","13.56","Humid","31.50","0","54.10","284483.03","SABD0002000014","AAV2.0.0.13","3.0.1.1413","PSt7-10","180509-029","9/13/2019 10:47:01 AM","0000-00","0","no battery","V"
"10/22/2019","10:27:43","10","default","328281339","OXY_CH10","4.364","min","130.561","μmol/L","Humid","21.110","deg","131499","µV","38.994","°C","1014.000","hPa","36.0","pmil","0","55.560","deg","20.000","°C","100.000","%a.s.","22.340","deg","20.000","°C","962.000","hPa","0.861","-0.02617","0.00035","0","0","13.56","Humid","31.50","0","54.10","284486.86","SABD0002000014","AAV2.0.0.13","3.0.1.1413","PSt7-10","180509-029","9/13/2019 10:47:01 AM","0000-00","0","no battery","V"
"10/22/2019","10:27:44","10","default","328281339","OXY_CH10","4.381","min","130.584","μmol/L","Humid","21.108","deg","131501","µV","38.994","°C","1014.000","hPa","36.0","pmil","0","55.560","deg","20.000","°C","100.000","%a.s.","22.340","deg","20.000","°C","962.000","hPa","0.861","-0.02617","0.00035","0","0","13.56","Humid","31.50","0","54.10","284493.25","SABD0002000014","AAV2.0.0.13","3.0.1.1413","PSt7-10","180509-029","9/13/2019 10:47:01 AM","0000-00","0","no battery","V"
"10/22/2019","10:27:45","10","default","328281339","OXY_CH10","4.397","min","130.607","μmol/L","Humid","21.109","deg","131503","µV","38.988","°C","1014.000","hPa","36.0","pmil","0","55.560","deg","20.000","°C","100.000","%a.s.","22.340","deg","20.000","°C","962.000","hPa","0.861","-0.02617","0.00035","0","0","13.56","Humid","31.50","0","54.10","284491.21","SABD0002000014","AAV2.0.0.13","3.0.1.1413","PSt7-10","180509-029","9/13/2019 10:47:01 AM","0000-00","0","no battery","V"
"10/22/2019","10:27:46","10","default","328281339","OXY_CH10","4.413","min","130.607","μmol/L","Humid","21.109","deg","131494","µV","38.988","°C","1014.000","hPa","36.0","pmil","0","55.560","deg","20.000","°C","100.000","%a.s.","22.340","deg","20.000","°C","962.000","hPa","0.861","-0.02617","0.00035","0","0","13.56","Humid","31.50","0","54.10","284492.45","SABD0002000014","AAV2.0.0.13","3.0.1.1413","PSt7-10","180509-029","9/13/2019 10:47:01 AM","0000-00","0","no battery","V"
"10/22/2019","10:27:47","10","default","328281339","OXY_CH10","4.431","min","130.561","μmol/L","Humid","21.110","deg","131507","µV","38.994","°C","1014.000","hPa","36.0","pmil","0","55.560","deg","20.000","°C","100.000","%a.s.","22.340","deg","20.000","°C","962.000","hPa","0.861","-0.02617","0.00035","0","0","13.56","Humid","31.50","0","54.10","284494.28","SABD0002000014","AAV2.0.0.13","3.0.1.1413","PSt7-10","180509-029","9/13/2019 10:47:01 AM","0000-00","0","no battery","V"
"10/22/2019","10:27:48","10","default","328281339","OXY_CH10","4.447","min","130.561","μmol/L","Humid","21.110","deg","131499","µV","38.994","°C","1014.000","hPa","36.0","pmil","0","55.560","deg","20.000","°C","100.000","%a.s.","22.340","deg","20.000","°C","962.000","hPa","0.861","-0.02617","0.00035","0","0","13.56","Humid","31.50","0","54.10","284489.44","SABD0002000014","AAV2.0.0.13","3.0.1.1413","PSt7-10","180509-029","9/13/2019 10:47:01 AM","0000-00","0","no battery","V"
"10/22/2019","10:27:49","10","default","328281339","OXY_CH10","4.464","min","130.573","μmol/L","Humid","21.109","deg","131489","µV","38.994","°C","1014.000","hPa","36.0","pmil","0","55.560","deg","20.000","°C","100.000","%a.s.","22.340","deg","20.000","°C","962.000","hPa","0.861","-0.02617","0.00035","0","0","13.56","Humid","31.50","0","54.10","284480.86","SABD0002000014","AAV2.0.0.13","3.0.1.1413","PSt7-10","180509-029","9/13/2019 10:47:01 AM","0000-00","0","no battery","V"
"10/22/2019","10:27:50","10","default","328281339","OXY_CH10","4.481","min","130.584","μmol/L","Humid","21.108","deg","131494","µV","38.994","°C","1014.000","hPa","36.0","pmil","0","55.560","deg","20.000","°C","100.000","%a.s.","22.340","deg","20.000","°C","962.000","hPa","0.861","-0.02617","0.00035","0","0","13.56","Humid","31.50","0","54.10","284481.20","SABD0002000014","AAV2.0.0.13","3.0.1.1413","PSt7-10","180509-029","9/13/2019 10:47:01 AM","0000-00","0","no battery","V"
"10/22/2019","10:27:52","10","default","328281339","OXY_CH10","4.508","min","130.538","μmol/L","Humid","21.112","deg","131523","µV","38.994","°C","1014.000","hPa","36.0","pmil","0","55.560","deg","20.000","°C","100.000","%a.s.","22.340","deg","20.000","°C","962.000","hPa","0.861","-0.02617","0.00035","0","0","13.56","Humid","31.50","0","54.10","284524.75","SABD0002000014","AAV2.0.0.13","3.0.1.1413","PSt7-10","180509-029","9/13/2019 10:47:01 AM","0000-00","0","no battery","V"
"10/22/2019","10:27:52","10","default","328281339","OXY_CH10","4.514","min","130.596","μmol/L","Humid","21.110","deg","131471","µV","38.988","°C","1014.000","hPa","36.0","pmil","0","55.560","deg","20.000","°C","100.000","%a.s.","22.340","deg","20.000","°C","962.000","hPa","0.861","-0.02617","0.00035","0","0","13.56","Humid","31.50","0","54.10","284454.46","SABD0002000014","AAV2.0.0.13","3.0.1.1413","PSt7-10","180509-029","9/13/2019 10:47:01 AM","0000-00","0","no battery","V"
"10/22/2019","10:27:53","10","default","328281339","OXY_CH10","4.530","min","130.572","μmol/L","Humid","21.112","deg","131488","µV","38.988","°C","1014.000","hPa","36.0","pmil","0","55.560","deg","20.000","°C","100.000","%a.s.","22.340","deg","20.000","°C","962.000","hPa","0.861","-0.02617","0.00035","0","0","13.56","Humid","31.50","0","54.10","284460.07","SABD0002000014","AAV2.0.0.13","3.0.1.1413","PSt7-10","180509-029","9/13/2019 10:47:01 AM","0000-00","0","no battery","V"
"10/22/2019","10:27:54","10","default","328281339","OXY_CH10","4.547","min","130.527","μmol/L","Humid","21.110","deg","131484","µV","39.000","°C","1014.000","hPa","36.0","pmil","0","55.560","deg","20.000","°C","100.000","%a.s.","22.340","deg","20.000","°C","962.000","hPa","0.861","-0.02617","0.00035","0","0","13.56","Humid","31.50","0","54.10","284469.24","SABD0002000014","AAV2.0.0.13","3.0.1.1413","PSt7-10","180509-029","9/13/2019 10:47:01 AM","0000-00","0","no battery","V"
"10/22/2019","10:27:55","10","default","328281339","OXY_CH10","4.564","min","130.561","μmol/L","Humid","21.110","deg","131493","µV","38.994","°C","1014.000","hPa","36.0","pmil","0","55.560","deg","20.000","°C","100.000","%a.s.","22.340","deg","20.000","°C","962.000","hPa","0.861","-0.02617","0.00035","0","0","13.56","Humid","31.50","0","54.10","284473.74","SABD0002000014","AAV2.0.0.13","3.0.1.1413","PSt7-10","180509-029","9/13/2019 10:47:01 AM","0000-00","0","no battery","V"
"10/22/2019","10:27:56","10","default","328281339","OXY_CH10","4.581","min","130.549","μmol/L","Humid","21.114","deg","131501","µV","38.988","°C","1014.000","hPa","36.0","pmil","0","55.560","deg","20.000","°C","100.000","%a.s.","22.340","deg","20.000","°C","962.000","hPa","0.861","-0.02617","0.00035","0","0","13.56","Humid","31.50","0","54.10","284473.03","SABD0002000014","AAV2.0.0.13","3.0.1.1413","PSt7-10","180509-029","9/13/2019 10:47:01 AM","0000-00","0","no battery","V"
"10/22/2019","10:27:57","10","default","328281339","OXY_CH10","4.597","min","130.515","μmol/L","Humid","21.114","deg","131490","µV","38.994","°C","1014.000","hPa","36.0","pmil","0","55.560","deg","20.000","°C","100.000","%a.s.","22.340","deg","20.000","°C","962.000","hPa","0.861","-0.02617","0.00035","0","0","13.56","Humid","31.50","0","54.10","284476.23","SABD0002000014","AAV2.0.0.13","3.0.1.1413","PSt7-10","180509-029","9/13/2019 10:47:01 AM","0000-00","0","no battery","V"
"10/22/2019","10:27:58","10","default","328281339","OXY_CH10","4.614","min","130.527","μmol/L","Humid","21.113","deg","131492","µV","38.994","°C","1014.000","hPa","36.0","pmil","0","55.560","deg","20.000","°C","100.000","%a.s.","22.340","deg","20.000","°C","962.000","hPa","0.861","-0.02617","0.00035","0","0","13.56","Humid","31.50","0","54.10","284474.15","SABD0002000014","AAV2.0.0.13","3.0.1.1413","PSt7-10","180509-029","9/13/2019 10:47:01 AM","0000-00","0","no battery","V"
"10/22/2019","10:27:59","10","default","328281339","OXY_CH10","4.631","min","130.538","μmol/L","Humid","21.115","deg","131493","µV","38.988","°C","1014.000","hPa","36.0","pmil","0","55.560","deg","20.000","°C","100.000","%a.s.","22.340","deg","20.000","°C","962.000","hPa","0.861","-0.02617","0.00035","0","0","13.56","Humid","31.50","0","54.10","284470.34","SABD0002000014","AAV2.0.0.13","3.0.1.1413","PSt7-10","180509-029","9/13/2019 10:47:01 AM","0000-00","0","no battery","V"
"10/22/2019","10:28:00","10","default","328281339","OXY_CH10","4.647","min","130.515","μmol/L","Humid","21.114","deg","131495","µV","38.994","°C","1014.000","hPa","36.0","pmil","0","55.560","deg","20.000","°C","100.000","%a.s.","22.340","deg","20.000","°C","962.000","hPa","0.861","-0.02617","0.00035","0","0","13.56","Humid","31.50","0","54.10","284466.19","SABD0002000014","AAV2.0.0.13","3.0.1.1413","PSt7-10","180509-029","9/13/2019 10:47:01 AM","0000-00","0","no battery","V"
"10/22/2019","10:28:01","10","default","328281339","OXY_CH10","4.664","min","130.503","μmol/L","Humid","21.115","deg","131490","µV","38.994","°C","1014.000","hPa","36.0","pmil","0","55.560","deg","20.000","°C","100.000","%a.s.","22.340","deg","20.000","°C","962.000","hPa","0.861","-0.02617","0.00035","0","0","13.56","Humid","31.50","0","54.10","284474.16","SABD0002000014","AAV2.0.0.13","3.0.1.1413","PSt7-10","180509-029","9/13/2019 10:47:01 AM","0000-00","0","no battery","V"
"10/22/2019","10:28:02","10","default","328281339","OXY_CH10","4.680","min","130.584","μmol/L","Humid","21.111","deg","131499","µV","38.988","°C","1014.000","hPa","36.0","pmil","0","55.560","deg","20.000","°C","100.000","%a.s.","22.340","deg","20.000","°C","962.000","hPa","0.861","-0.02617","0.00035","0","0","13.56","Humid","31.50","0","54.10","284472.28","SABD0002000014","AAV2.0.0.13","3.0.1.1413","PSt7-10","180509-029","9/13/2019 10:47:01 AM","0000-00","0","no battery","V"
"10/22/2019","10:28:03","10","default","328281339","OXY_CH10","4.697","min","130.538","μmol/L","Humid","21.115","deg","131495","µV","38.988","°C","1014.000","hPa","36.0","pmil","0","55.560","deg","20.000","°C","100.000","%a.s.","22.340","deg","20.000","°C","962.000","hPa","0.861","-0.02617","0.00035","0","0","13.56","Humid","31.50","0","54.10","284466.25","SABD0002000014","AAV2.0.0.13","3.0.1.1413","PSt7-10","180509-029","9/13/2019 10:47:01 AM","0000-00","0","no battery","V"
"10/22/2019","10:28:04","10","default","328281339","OXY_CH10","4.713","min","130.549","μmol/L","Humid","21.114","deg","131495","µV","38.988","°C","1014.000","hPa","36.0","pmil","0","55.560","deg","20.000","°C","100.000","%a.s.","22.340","deg","20.000","°C","962.000","hPa","0.861","-0.02617","0.00035","0","0","13.56","Humid","31.50","0","54.10","284458.07","SABD0002000014","AAV2.0.0.13","3.0.1.1413","PSt7-10","180509-029","9/13/2019 10:47:01 AM","0000-00","0","no battery","V"
"10/22/2019","10:28:05","10","default","328281339","OXY_CH10","4.730","min","130.595","μmol/L","Humid","21.113","deg","131494","µV","38.981","°C","1014.000","hPa","36.0","pmil","0","55.560","deg","20.000","°C","100.000","%a.s.","22.340","deg","20.000","°C","962.000","hPa","0.861","-0.02617","0.00035","0","0","13.56","Humid","31.50","0","54.10","284459.82","SABD0002000014","AAV2.0.0.13","3.0.1.1413","PSt7-10","180509-029","9/13/2019 10:47:01 AM","0000-00","0","no battery","V"
"10/22/2019","10:28:06","10","default","328281339","OXY_CH10","4.747","min","130.549","μmol/L","Humid","21.114","deg","131489","µV","38.988","°C","1014.000","hPa","36.0","pmil","0","55.560","deg","20.000","°C","100.000","%a.s.","22.340","deg","20.000","°C","962.000","hPa","0.861","-0.02617","0.00035","0","0","13.56","Humid","31.50","0","54.10","284460.20","SABD0002000014","AAV2.0.0.13","3.0.1.1413","PSt7-10","180509-029","9/13/2019 10:47:01 AM","0000-00","0","no battery","V"
"10/22/2019","10:28:07","10","default","328281339","OXY_CH10","4.764","min","130.526","μmol/L","Humid","21.116","deg","131497","µV","38.988","°C","1014.000","hPa","36.0","pmil","0","55.560","deg","20.000","°C","100.000","%a.s.","22.340","deg","20.000","°C","962.000","hPa","0.861","-0.02617","0.00035","0","0","13.56","Humid","31.50","0","54.10","284453.43","SABD0002000014","AAV2.0.0.13","3.0.1.1413","PSt7-10","180509-029","9/13/2019 10:47:01 AM","0000-00","0","no battery","V"
"10/22/2019","10:28:08","10","default","328281339","OXY_CH10","4.781","min","130.446","μmol/L","Humid","21.117","deg","131504","µV","39.000","°C","1014.000","hPa","36.0","pmil","0","55.560","deg","20.000","°C","100.000","%a.s.","22.340","deg","20.000","°C","962.000","hPa","0.861","-0.02617","0.00035","0","0","13.56","Humid","31.50","0","54.10","284470.40","SABD0002000014","AAV2.0.0.13","3.0.1.1413","PSt7-10","180509-029","9/13/2019 10:47:01 AM","0000-00","0","no battery","V"
"10/22/2019","10:28:09","10","default","328281339","OXY_CH10","4.797","min","130.503","μmol/L","Humid","21.118","deg","131502","µV","38.988","°C","1014.000","hPa","36.0","pmil","0","55.560","deg","20.000","°C","100.000","%a.s.","22.340","deg","20.000","°C","962.000","hPa","0.861","-0.02617","0.00035","0","0","13.56","Humid","31.50","0","54.10","284461.51","SABD0002000014","AAV2.0.0.13","3.0.1.1413","PSt7-10","180509-029","9/13/2019 10:47:01 AM","0000-00","0","no battery","V"
"10/22/2019","10:28:10","10","default","328281339","OXY_CH10","4.814","min","130.560","μmol/L","Humid","21.116","deg","131495","µV","38.981","°C","1014.000","hPa","36.0","pmil","0","55.560","deg","20.000","°C","100.000","%a.s.","22.340","deg","20.000","°C","962.000","hPa","0.861","-0.02617","0.00035","0","0","13.56","Humid","31.50","0","54.10","284463.91","SABD0002000014","AAV2.0.0.13","3.0.1.1413","PSt7-10","180509-029","9/13/2019 10:47:01 AM","0000-00","0","no battery","V"
"10/22/2019","10:28:11","10","default","328281339","OXY_CH10","4.831","min","130.583","μmol/L","Humid","21.117","deg","131499","µV","38.975","°C","1014.000","hPa","36.0","pmil","0","55.560","deg","20.000","°C","100.000","%a.s.","22.340","deg","20.000","°C","962.000","hPa","0.861","-0.02617","0.00035","0","0","13.56","Humid","31.50","0","54.10","284459.92","SABD0002000014","AAV2.0.0.13","3.0.1.1413","PSt7-10","180509-029","9/13/2019 10:47:01 AM","0000-00","0","no battery","V"
"10/22/2019","10:28:12","10","default","328281339","OXY_CH10","4.847","min","130.503","μmol/L","Humid","21.118","deg","131508","µV","38.988","°C","1014.000","hPa","36.0","pmil","0","55.560","deg","20.000","°C","100.000","%a.s.","22.340","deg","20.000","°C","962.000","hPa","0.861","-0.02617","0.00035","0","0","13.56","Humid","31.50","0","54.10","284451.59","SABD0002000014","AAV2.0.0.13","3.0.1.1413","PSt7-10","180509-029","9/13/2019 10:47:01 AM","0000-00","0","no battery","V"
"10/22/2019","10:28:13","10","default","328281339","OXY_CH10","4.864","min","130.491","μmol/L","Humid","21.119","deg","131507","µV","38.988","°C","1014.000","hPa","36.0","pmil","0","55.560","deg","20.000","°C","100.000","%a.s.","22.340","deg","20.000","°C","962.000","hPa","0.861","-0.02617","0.00035","0","0","13.56","Humid","31.50","0","54.10","284457.97","SABD0002000014","AAV2.0.0.13","3.0.1.1413","PSt7-10","180509-029","9/13/2019 10:47:01 AM","0000-00","0","no battery","V"
"10/22/2019","10:28:14","10","default","328281339","OXY_CH10","4.880","min","130.457","μmol/L","Humid","21.119","deg","131505","µV","38.994","°C","1014.000","hPa","36.0","pmil","0","55.560","deg","20.000","°C","100.000","%a.s.","22.340","deg","20.000","°C","962.000","hPa","0.861","-0.02617","0.00035","0","0","13.56","Humid","31.50","0","54.10","284451.93","SABD0002000014","AAV2.0.0.13","3.0.1.1413","PSt7-10","180509-029","9/13/2019 10:47:01 AM","0000-00","0","no battery","V"
"10/22/2019","10:28:15","10","default","328281339","OXY_CH10","4.897","min","130.457","μmol/L","Humid","21.122","deg","131508","µV","38.988","°C","1014.000","hPa","36.0","pmil","0","55.560","deg","20.000","°C","100.000","%a.s.","22.340","deg","20.000","°C","962.000","hPa","0.861","-0.02617","0.00035","0","0","13.56","Humid","31.50","0","54.10","284461.64","SABD0002000014","AAV2.0.0.13","3.0.1.1413","PSt7-10","180509-029","9/13/2019 10:47:01 AM","0000-00","0","no battery","V"
"10/22/2019","10:28:16","10","default","328281339","OXY_CH10","4.914","min","130.537","μmol/L","Humid","21.118","deg","131510","µV","38.981","°C","1014.000","hPa","36.0","pmil","0","55.560","deg","20.000","°C","100.000","%a.s.","22.340","deg","20.000","°C","962.000","hPa","0.861","-0.02617","0.00035","0","0","13.56","Humid","31.50","0","54.10","284451.21","SABD0002000014","AAV2.0.0.13","3.0.1.1413","PSt7-10","180509-029","9/13/2019 10:47:01 AM","0000-00","0","no battery","V"
"10/22/2019","10:28:17","10","default","328281339","OXY_CH10","4.930","min","130.491","μmol/L","Humid","21.119","deg","131513","µV","38.988","°C","1014.000","hPa","36.0","pmil","0","55.560","deg","20.000","°C","100.000","%a.s.","22.340","deg","20.000","°C","962.000","hPa","0.861","-0.02617","0.00035","0","0","13.56","Humid","31.50","0","54.10","284455.11","SABD0002000014","AAV2.0.0.13","3.0.1.1413","PSt7-10","180509-029","9/13/2019 10:47:01 AM","0000-00","0","no battery","V"
"10/22/2019","10:28:18","10","default","328281339","OXY_CH10","4.947","min","130.457","μmol/L","Humid","21.119","deg","131514","µV","38.994","°C","1014.000","hPa","36.0","pmil","0","55.560","deg","20.000","°C","100.000","%a.s.","22.340","deg","20.000","°C","962.000","hPa","0.861","-0.02617","0.00035","0","0","13.56","Humid","31.50","0","54.10","284451.10","SABD0002000014","AAV2.0.0.13","3.0.1.1413","PSt7-10","180509-029","9/13/2019 10:47:01 AM","0000-00","0","no battery","V"
"10/22/2019","10:28:19","10","default","328281339","OXY_CH10","4.964","min","130.468","μmol/L","Humid","21.121","deg","131509","µV","38.988","°C","1014.000","hPa","36.0","pmil","0","55.560","deg","20.000","°C","100.000","%a.s.","22.340","deg","20.000","°C","962.000","hPa","0.861","-0.02617","0.00035","0","0","13.56","Humid","31.50","0","54.10","284454.86","SABD0002000014","AAV2.0.0.13","3.0.1.1413","PSt7-10","180509-029","9/13/2019 10:47:01 AM","0000-00","0","no battery","V"
"10/22/2019","10:28:20","10","default","328281339","OXY_CH10","4.981","min","130.514","μmol/L","Humid","21.120","deg","131508","µV","38.981","°C","1014.000","hPa","36.0","pmil","0","55.560","deg","20.000","°C","100.000","%a.s.","22.340","deg","20.000","°C","962.000","hPa","0.861","-0.02617","0.00035","0","0","13.56","Humid","31.50","0","54.10","284441.95","SABD0002000014","AAV2.0.0.13","3.0.1.1413","PSt7-10","180509-029","9/13/2019 10:47:01 AM","0000-00","0","no battery","V"
"10/22/2019","10:28:21","10","default","328281339","OXY_CH10","4.997","min","130.457","μmol/L","Humid","21.122","deg","131513","µV","38.988","°C","1014.000","hPa","36.0","pmil","0","55.560","deg","20.000","°C","100.000","%a.s.","22.340","deg","20.000","°C","962.000","hPa","0.861","-0.02617","0.00035","0","0","13.56","Humid","31.50","0","54.10","284448.36","SABD0002000014","AAV2.0.0.13","3.0.1.1413","PSt7-10","180509-029","9/13/2019 10:47:01 AM","0000-00","0","no battery","V"
"10/22/2019","10:28:22","10","default","328281339","OXY_CH10","5.014","min","130.468","μmol/L","Humid","21.124","deg","131518","µV","38.981","°C","1014.000","hPa","36.0","pmil","0","55.560","deg","20.000","°C","100.000","%a.s.","22.340","deg","20.000","°C","962.000","hPa","0.861","-0.02617","0.00035","0","0","13.56","Humid","31.50","0","54.10","284447.20","SABD0002000014","AAV2.0.0.13","3.0.1.1413","PSt7-10","180509-029","9/13/2019 10:47:01 AM","0000-00","0","no battery","V"
"10/22/2019","10:28:23","10","default","328281339","OXY_CH10","5.031","min","130.537","μmol/L","Humid","21.121","deg","131526","µV","38.975","°C","1014.000","hPa","36.0","pmil","0","55.560","deg","20.000","°C","100.000","%a.s.","22.340","deg","20.000","°C","962.000","hPa","0.861","-0.02617","0.00035","0","0","13.56","Humid","31.50","0","54.10","284447.35","SABD0002000014","AAV2.0.0.13","3.0.1.1413","PSt7-10","180509-029","9/13/2019 10:47:01 AM","0000-00","0","no battery","V"
"10/22/2019","10:28:24","10","default","328281339","OXY_CH10","5.047","min","130.468","μmol/L","Humid","21.121","deg","131523","µV","38.988","°C","1014.000","hPa","36.0","pmil","0","55.560","deg","20.000","°C","100.000","%a.s.","22.340","deg","20.000","°C","962.000","hPa","0.861","-0.02617","0.00035","0","0","13.56","Humid","31.50","0","54.10","284452.00","SABD0002000014","AAV2.0.0.13","3.0.1.1413","PSt7-10","180509-029","9/13/2019 10:47:01 AM","0000-00","0","no battery","V"
"10/22/2019","10:28:25","10","default","328281339","OXY_CH10","5.064","min","130.434","μmol/L","Humid","21.124","deg","131512","µV","38.988","°C","1014.000","hPa","36.0","pmil","0","55.560","deg","20.000","°C","100.000","%a.s.","22.340","deg","20.000","°C","962.000","hPa","0.861","-0.02617","0.00035","0","0","13.56","Humid","31.50","0","54.10","284449.79","SABD0002000014","AAV2.0.0.13","3.0.1.1413","PSt7-10","180509-029","9/13/2019 10:47:01 AM","0000-00","0","no battery","V"
"10/22/2019","10:28:26","10","default","328281339","OXY_CH10","5.081","min","130.388","μmol/L","Humid","21.125","deg","131517","µV","38.994","°C","1014.000","hPa","36.0","pmil","0","55.560","deg","20.000","°C","100.000","%a.s.","22.340","deg","20.000","°C","962.000","hPa","0.861","-0.02617","0.00035","0","0","13.56","Humid","31.50","0","54.10","284436.56","SABD0002000014","AAV2.0.0.13","3.0.1.1413","PSt7-10","180509-029","9/13/2019 10:47:01 AM","0000-00","0","no battery","V"
"10/22/2019","10:28:27","10","default","328281339","OXY_CH10","5.097","min","130.526","μmol/L","Humid","21.119","deg","131519","µV","38.981","°C","1014.000","hPa","36.0","pmil","0","55.560","deg","20.000","°C","100.000","%a.s.","22.340","deg","20.000","°C","962.000","hPa","0.861","-0.02617","0.00035","0","0","13.56","Humid","31.50","0","54.10","284446.50","SABD0002000014","AAV2.0.0.13","3.0.1.1413","PSt7-10","180509-029","9/13/2019 10:47:01 AM","0000-00","0","no battery","V"
"10/22/2019","10:28:28","10","default","328281339","OXY_CH10","5.114","min","130.456","μmol/L","Humid","21.125","deg","131517","µV","38.981","°C","1014.000","hPa","36.0","pmil","0","55.560","deg","20.000","°C","100.000","%a.s.","22.340","deg","20.000","°C","962.000","hPa","0.861","-0.02617","0.00035","0","0","13.56","Humid","31.50","0","54.10","284434.22","SABD0002000014","AAV2.0.0.13","3.0.1.1413","PSt7-10","180509-029","9/13/2019 10:47:01 AM","0000-00","0","no battery","V"
"10/22/2019","10:28:29","10","default","328281339","OXY_CH10","5.130","min","130.445","μmol/L","Humid","21.126","deg","131509","µV","38.981","°C","1014.000","hPa","36.0","pmil","0","55.560","deg","20.000","°C","100.000","%a.s.","22.340","deg","20.000","°C","962.000","hPa","0.861","-0.02617","0.00035","0","0","13.56","Humid","31.50","0","54.10","284443.85","SABD0002000014","AAV2.0.0.13","3.0.1.1413","PSt7-10","180509-029","9/13/2019 10:47:01 AM","0000-00","0","no battery","V"
"10/22/2019","10:28:30","10","default","328281339","OXY_CH10","5.147","min","130.456","μmol/L","Humid","21.125","deg","131516","µV","38.981","°C","1014.000","hPa","36.0","pmil","0","55.560","deg","20.000","°C","100.000","%a.s.","22.340","deg","20.000","°C","962.000","hPa","0.861","-0.02617","0.00035","0","0","13.56","Humid","31.50","0","54.10","284439.57","SABD0002000014","AAV2.0.0.13","3.0.1.1413","PSt7-10","180509-029","9/13/2019 10:47:01 AM","0000-00","0","no battery","V"
"10/22/2019","10:28:31","10","default","328281339","OXY_CH10","5.164","min","130.514","μmol/L","Humid","21.123","deg","131519","µV","38.975","°C","1014.000","hPa","36.0","pmil","0","55.560","deg","20.000","°C","100.000","%a.s.","22.340","deg","20.000","°C","962.000","hPa","0.861","-0.02617","0.00035","0","0","13.56","Humid","31.50","0","54.10","284435.02","SABD0002000014","AAV2.0.0.13","3.0.1.1413","PSt7-10","180509-029","9/13/2019 10:47:01 AM","0000-00","0","no battery","V"
"10/22/2019","10:28:32","10","default","328281339","OXY_CH10","5.180","min","130.502","μmol/L","Humid","21.124","deg","131514","µV","38.975","°C","1014.000","hPa","36.0","pmil","0","55.560","deg","20.000","°C","100.000","%a.s.","22.340","deg","20.000","°C","962.000","hPa","0.861","-0.02617","0.00035","0","0","13.56","Humid","31.50","0","54.10","284427.78","SABD0002000014","AAV2.0.0.13","3.0.1.1413","PSt7-10","180509-029","9/13/2019 10:47:01 AM","0000-00","0","no battery","V"
"10/22/2019","10:28:33","10","default","328281339","OXY_CH10","5.197","min","130.491","μmol/L","Humid","21.122","deg","131514","µV","38.981","°C","1014.000","hPa","36.0","pmil","0","55.560","deg","20.000","°C","100.000","%a.s.","22.340","deg","20.000","°C","962.000","hPa","0.861","-0.02617","0.00035","0","0","13.56","Humid","31.50","0","54.10","284430.22","SABD0002000014","AAV2.0.0.13","3.0.1.1413","PSt7-10","180509-029","9/13/2019 10:47:01 AM","0000-00","0","no battery","V"
"10/22/2019","10:28:34","10","default","328281339","OXY_CH10","5.214","min","130.410","μmol/L","Humid","21.126","deg","131519","µV","38.988","°C","1014.000","hPa","36.0","pmil","0","55.560","deg","20.000","°C","100.000","%a.s.","22.340","deg","20.000","°C","962.000","hPa","0.861","-0.02617","0.00035","0","0","13.56","Humid","31.50","0","54.10","284429.11","SABD0002000014","AAV2.0.0.13","3.0.1.1413","PSt7-10","180509-029","9/13/2019 10:47:01 AM","0000-00","0","no battery","V"
"10/22/2019","10:28:35","10","default","328281339","OXY_CH10","5.231","min","130.433","μmol/L","Humid","21.127","deg","131531","µV","38.981","°C","1014.000","hPa","36.0","pmil","0","55.560","deg","20.000","°C","100.000","%a.s.","22.340","deg","20.000","°C","962.000","hPa","0.861","-0.02617","0.00035","0","0","13.56","Humid","31.50","0","54.10","284424.72","SABD0002000014","AAV2.0.0.13","3.0.1.1413","PSt7-10","180509-029","9/13/2019 10:47:01 AM","0000-00","0","no battery","V"
"10/22/2019","10:28:36","10","default","328281339","OXY_CH10","5.247","min","130.399","μmol/L","Humid","21.124","deg","131526","µV","38.994","°C","1014.000","hPa","36.0","pmil","0","55.560","deg","20.000","°C","100.000","%a.s.","22.340","deg","20.000","°C","962.000","hPa","0.861","-0.02617","0.00035","0","0","13.56","Humid","31.50","0","54.10","284420.61","SABD0002000014","AAV2.0.0.13","3.0.1.1413","PSt7-10","180509-029","9/13/2019 10:47:01 AM","0000-00","0","no battery","V"
"10/22/2019","10:28:37","10","default","328281339","OXY_CH10","5.264","min","130.433","μmol/L","Humid","21.127","deg","131526","µV","38.981","°C","1014.000","hPa","36.0","pmil","0","55.560","deg","20.000","°C","100.000","%a.s.","22.340","deg","20.000","°C","962.000","hPa","0.861","-0.02617","0.00035","0","0","13.56","Humid","31.50","0","54.10","284424.99","SABD0002000014","AAV2.0.0.13","3.0.1.1413","PSt7-10","180509-029","9/13/2019 10:47:01 AM","0000-00","0","no battery","V"
"10/22/2019","10:28:38","10","default","328281339","OXY_CH10","5.280","min","130.433","μmol/L","Humid","21.127","deg","131535","µV","38.981","°C","1014.000","hPa","36.0","pmil","0","55.560","deg","20.000","°C","100.000","%a.s.","22.340","deg","20.000","°C","962.000","hPa","0.861","-0.02617","0.00035","0","0","13.56","Humid","31.50","0","54.10","284421.14","SABD0002000014","AAV2.0.0.13","3.0.1.1413","PSt7-10","180509-029","9/13/2019 10:47:01 AM","0000-00","0","no battery","V"
"10/22/2019","10:28:39","10","default","328281339","OXY_CH10","5.297","min","130.387","μmol/L","Humid","21.128","deg","131521","µV","38.988","°C","1014.000","hPa","36.0","pmil","0","55.560","deg","20.000","°C","100.000","%a.s.","22.340","deg","20.000","°C","962.000","hPa","0.861","-0.02617","0.00035","0","0","13.56","Humid","31.50","0","54.10","284420.33","SABD0002000014","AAV2.0.0.13","3.0.1.1413","PSt7-10","180509-029","9/13/2019 10:47:01 AM","0000-00","0","no battery","V"
"10/22/2019","10:28:40","10","default","328281339","OXY_CH10","5.314","min","130.387","μmol/L","Humid","21.128","deg","131524","µV","38.988","°C","1014.000","hPa","36.0","pmil","0","55.560","deg","20.000","°C","100.000","%a.s.","22.340","deg","20.000","°C","962.000","hPa","0.861","-0.02617","0.00035","0","0","13.56","Humid","31.50","0","54.10","284417.85","SABD0002000014","AAV2.0.0.13","3.0.1.1413","PSt7-10","180509-029","9/13/2019 10:47:01 AM","0000-00","0","no battery","V"
"10/22/2019","10:28:41","10","default","328281339","OXY_CH10","5.330","min","130.433","μmol/L","Humid","21.127","deg","131528","µV","38.981","°C","1014.000","hPa","36.0","pmil","0","55.560","deg","20.000","°C","100.000","%a.s.","22.340","deg","20.000","°C","962.000","hPa","0.861","-0.02617","0.00035","0","0","13.56","Humid","31.50","0","54.10","284422.49","SABD0002000014","AAV2.0.0.13","3.0.1.1413","PSt7-10","180509-029","9/13/2019 10:47:01 AM","0000-00","0","no battery","V"
"10/22/2019","10:28:42","10","default","328281339","OXY_CH10","5.347","min","130.467","μmol/L","Humid","21.127","deg","131529","µV","38.975","°C","1014.000","hPa","36.0","pmil","0","55.560","deg","20.000","°C","100.000","%a.s.","22.340","deg","20.000","°C","962.000","hPa","0.861","-0.02617","0.00035","0","0","13.56","Humid","31.50","0","54.10","284421.73","SABD0002000014","AAV2.0.0.13","3.0.1.1413","PSt7-10","180509-029","9/13/2019 10:47:01 AM","0000-00","0","no battery","V"
"10/22/2019","10:28:43","10","default","328281339","OXY_CH10","5.364","min","130.376","μmol/L","Humid","21.129","deg","131525","µV","38.988","°C","1014.000","hPa","36.0","pmil","0","55.560","deg","20.000","°C","100.000","%a.s.","22.340","deg","20.000","°C","962.000","hPa","0.861","-0.02617","0.00035","0","0","13.56","Humid","31.50","0","54.10","284414.14","SABD0002000014","AAV2.0.0.13","3.0.1.1413","PSt7-10","180509-029","9/13/2019 10:47:01 AM","0000-00","0","no battery","V"
"10/22/2019","10:28:44","10","default","328281339","OXY_CH10","5.381","min","130.433","μmol/L","Humid","21.127","deg","131533","µV","38.981","°C","1014.000","hPa","36.0","pmil","0","55.560","deg","20.000","°C","100.000","%a.s.","22.340","deg","20.000","°C","962.000","hPa","0.861","-0.02617","0.00035","0","0","13.56","Humid","31.50","0","54.10","284417.42","SABD0002000014","AAV2.0.0.13","3.0.1.1413","PSt7-10","180509-029","9/13/2019 10:47:01 AM","0000-00","0","no battery","V"
"10/22/2019","10:28:45","10","default","328281339","OXY_CH10","5.398","min","130.376","μmol/L","Humid","21.129","deg","131529","µV","38.988","°C","1014.000","hPa","36.0","pmil","0","55.560","deg","20.000","°C","100.000","%a.s.","22.340","deg","20.000","°C","962.000","hPa","0.861","-0.02617","0.00035","0","0","13.56","Humid","31.50","0","54.10","284416.10","SABD0002000014","AAV2.0.0.13","3.0.1.1413","PSt7-10","180509-029","9/13/2019 10:47:01 AM","0000-00","0","no battery","V"
"10/22/2019","10:28:46","10","default","328281339","OXY_CH10","5.414","min","130.398","μmol/L","Humid","21.130","deg","131527","µV","38.981","°C","1014.000","hPa","36.0","pmil","0","55.560","deg","20.000","°C","100.000","%a.s.","22.340","deg","20.000","°C","962.000","hPa","0.861","-0.02617","0.00035","0","0","13.56","Humid","31.50","0","54.10","284410.03","SABD0002000014","AAV2.0.0.13","3.0.1.1413","PSt7-10","180509-029","9/13/2019 10:47:01 AM","0000-00","0","no battery","V"
"10/22/2019","10:28:47","10","default","328281339","OXY_CH10","5.431","min","130.364","μmol/L","Humid","21.130","deg","131531","µV","38.988","°C","1014.000","hPa","36.0","pmil","0","55.560","deg","20.000","°C","100.000","%a.s.","22.340","deg","20.000","°C","962.000","hPa","0.861","-0.02617","0.00035","0","0","13.56","Humid","31.50","0","54.10","284408.48","SABD0002000014","AAV2.0.0.13","3.0.1.1413","PSt7-10","180509-029","9/13/2019 10:47:01 AM","0000-00","0","no battery","V"
"10/22/2019","10:28:48","10","default","328281339","OXY_CH10","5.447","min","130.375","μmol/L","Humid","21.132","deg","131531","µV","38.981","°C","1014.000","hPa","36.0","pmil","0","55.560","deg","20.000","°C","100.000","%a.s.","22.340","deg","20.000","°C","962.000","hPa","0.861","-0.02617","0.00035","0","0","13.56","Humid","31.50","0","54.10","284409.26","SABD0002000014","AAV2.0.0.13","3.0.1.1413","PSt7-10","180509-029","9/13/2019 10:47:01 AM","0000-00","0","no battery","V"
"10/22/2019","10:28:49","10","default","328281339","OXY_CH10","5.463","min","130.410","μmol/L","Humid","21.129","deg","131523","µV","38.981","°C","1014.000","hPa","36.0","pmil","0","55.560","deg","20.000","°C","100.000","%a.s.","22.340","deg","20.000","°C","962.000","hPa","0.861","-0.02617","0.00035","0","0","13.56","Humid","31.50","0","54.10","284400.93","SABD0002000014","AAV2.0.0.13","3.0.1.1413","PSt7-10","180509-029","9/13/2019 10:47:01 AM","0000-00","0","no battery","V"
"10/22/2019","10:28:50","10","default","328281339","OXY_CH10","5.481","min","130.375","μmol/L","Humid","21.132","deg","131532","µV","38.981","°C","1014.000","hPa","36.0","pmil","0","55.560","deg","20.000","°C","100.000","%a.s.","22.340","deg","20.000","°C","962.000","hPa","0.861","-0.02617","0.00035","0","0","13.56","Humid","31.50","0","54.10","284405.70","SABD0002000014","AAV2.0.0.13","3.0.1.1413","PSt7-10","180509-029","9/13/2019 10:47:01 AM","0000-00","0","no battery","V"
"10/22/2019","10:28:51","10","default","328281339","OXY_CH10","5.497","min","130.318","μmol/L","Humid","21.134","deg","131531","µV","38.988","°C","1014.000","hPa","36.0","pmil","0","55.560","deg","20.000","°C","100.000","%a.s.","22.340","deg","20.000","°C","962.000","hPa","0.861","-0.02617","0.00035","0","0","13.56","Humid","31.50","0","54.10","284401.76","SABD0002000014","AAV2.0.0.13","3.0.1.1413","PSt7-10","180509-029","9/13/2019 10:47:01 AM","0000-00","0","no battery","V"
"10/22/2019","10:28:52","10","default","328281339","OXY_CH10","5.513","min","130.364","μmol/L","Humid","21.133","deg","131533","µV","38.981","°C","1014.000","hPa","36.0","pmil","0","55.560","deg","20.000","°C","100.000","%a.s.","22.340","deg","20.000","°C","962.000","hPa","0.861","-0.02617","0.00035","0","0","13.56","Humid","31.50","0","54.10","284402.44","SABD0002000014","AAV2.0.0.13","3.0.1.1413","PSt7-10","180509-029","9/13/2019 10:47:01 AM","0000-00","0","no battery","V"
"10/22/2019","10:28:53","10","default","328281339","OXY_CH10","5.531","min","130.330","μmol/L","Humid","21.133","deg","131536","µV","38.988","°C","1014.000","hPa","36.0","pmil","0","55.560","deg","20.000","°C","100.000","%a.s.","22.340","deg","20.000","°C","962.000","hPa","0.861","-0.02617","0.00035","0","0","13.56","Humid","31.50","0","54.10","284390.09","SABD0002000014","AAV2.0.0.13","3.0.1.1413","PSt7-10","180509-029","9/13/2019 10:47:01 AM","0000-00","0","no battery","V"
"10/22/2019","10:28:54","10","default","328281339","OXY_CH10","5.548","min","130.341","μmol/L","Humid","21.132","deg","131544","µV","38.988","°C","1014.000","hPa","36.0","pmil","0","55.560","deg","20.000","°C","100.000","%a.s.","22.340","deg","20.000","°C","962.000","hPa","0.861","-0.02617","0.00035","0","0","13.56","Humid","31.50","0","54.10","284397.88","SABD0002000014","AAV2.0.0.13","3.0.1.1413","PSt7-10","180509-029","9/13/2019 10:47:01 AM","0000-00","0","no battery","V"
"10/22/2019","10:28:55","10","default","328281339","OXY_CH10","5.563","min","130.375","μmol/L","Humid","21.132","deg","131540","µV","38.981","°C","1014.000","hPa","36.0","pmil","0","55.560","deg","20.000","°C","100.000","%a.s.","22.340","deg","20.000","°C","962.000","hPa","0.861","-0.02617","0.00035","0","0","13.56","Humid","31.50","0","54.10","284399.49","SABD0002000014","AAV2.0.0.13","3.0.1.1413","PSt7-10","180509-029","9/13/2019 10:47:01 AM","0000-00","0","no battery","V"
"10/22/2019","10:28:56","10","default","328281339","OXY_CH10","5.580","min","130.330","μmol/L","Humid","21.133","deg","131538","µV","38.988","°C","1014.000","hPa","36.0","pmil","0","55.560","deg","20.000","°C","100.000","%a.s.","22.340","deg","20.000","°C","962.000","hPa","0.861","-0.02617","0.00035","0","0","13.56","Humid","31.50","0","54.10","284389.46","SABD0002000014","AAV2.0.0.13","3.0.1.1413","PSt7-10","180509-029","9/13/2019 10:47:01 AM","0000-00","0","no battery","V"
"10/22/2019","10:28:57","10","default","328281339","OXY_CH10","5.597","min","130.318","μmol/L","Humid","21.137","deg","131548","µV","38.981","°C","1014.000","hPa","36.0","pmil","0","55.560","deg","20.000","°C","100.000","%a.s.","22.340","deg","20.000","°C","962.000","hPa","0.861","-0.02617","0.00035","0","0","13.56","Humid","31.50","0","54.10","284392.12","SABD0002000014","AAV2.0.0.13","3.0.1.1413","PSt7-10","180509-029","9/13/2019 10:47:01 AM","0000-00","0","no battery","V"
"10/22/2019","10:28:58","10","default","328281339","OXY_CH10","5.614","min","130.352","μmol/L","Humid","21.134","deg","131546","µV","38.981","°C","1014.000","hPa","36.0","pmil","0","55.560","deg","20.000","°C","100.000","%a.s.","22.340","deg","20.000","°C","962.000","hPa","0.861","-0.02617","0.00035","0","0","13.56","Humid","31.50","0","54.10","284389.29","SABD0002000014","AAV2.0.0.13","3.0.1.1413","PSt7-10","180509-029","9/13/2019 10:47:01 AM","0000-00","0","no battery","V"
"10/22/2019","10:28:59","10","default","328281339","OXY_CH10","5.631","min","130.352","μmol/L","Humid","21.134","deg","131555","µV","38.981","°C","1014.000","hPa","36.0","pmil","0","55.560","deg","20.000","°C","100.000","%a.s.","22.340","deg","20.000","°C","962.000","hPa","0.861","-0.02617","0.00035","0","0","13.56","Humid","31.50","0","54.10","284390.94","SABD0002000014","AAV2.0.0.13","3.0.1.1413","PSt7-10","180509-029","9/13/2019 10:47:01 AM","0000-00","0","no battery","V"
"10/22/2019","10:29:00","10","default","328281339","OXY_CH10","5.647","min","130.306","μmol/L","Humid","21.138","deg","131555","µV","38.981","°C","1014.000","hPa","36.0","pmil","0","55.560","deg","20.000","°C","100.000","%a.s.","22.340","deg","20.000","°C","962.000","hPa","0.861","-0.02617","0.00035","0","0","13.56","Humid","31.50","0","54.10","284399.83","SABD0002000014","AAV2.0.0.13","3.0.1.1413","PSt7-10","180509-029","9/13/2019 10:47:01 AM","0000-00","0","no battery","V"
"10/22/2019","10:29:01","10","default","328281339","OXY_CH10","5.665","min","130.340","μmol/L","Humid","21.138","deg","131558","µV","38.975","°C","1014.000","hPa","36.0","pmil","0","55.560","deg","20.000","°C","100.000","%a.s.","22.340","deg","20.000","°C","962.000","hPa","0.861","-0.02617","0.00035","0","0","13.56","Humid","31.50","0","54.10","284395.07","SABD0002000014","AAV2.0.0.13","3.0.1.1413","PSt7-10","180509-029","9/13/2019 10:47:01 AM","0000-00","0","no battery","V"
"10/22/2019","10:29:02","10","default","328281339","OXY_CH10","5.681","min","130.306","μmol/L","Humid","21.138","deg","131558","µV","38.981","°C","1014.000","hPa","36.0","pmil","0","55.560","deg","20.000","°C","100.000","%a.s.","22.340","deg","20.000","°C","962.000","hPa","0.861","-0.02617","0.00035","0","0","13.56","Humid","31.50","0","54.10","284396.02","SABD0002000014","AAV2.0.0.13","3.0.1.1413","PSt7-10","180509-029","9/13/2019 10:47:01 AM","0000-00","0","no battery","V"
"10/22/2019","10:29:03","10","default","328281339","OXY_CH10","5.698","min","130.329","μmol/L","Humid","21.136","deg","131559","µV","38.981","°C","1014.000","hPa","36.0","pmil","0","55.560","deg","20.000","°C","100.000","%a.s.","22.340","deg","20.000","°C","962.000","hPa","0.861","-0.02617","0.00035","0","0","13.56","Humid","31.50","0","54.10","284394.88","SABD0002000014","AAV2.0.0.13","3.0.1.1413","PSt7-10","180509-029","9/13/2019 10:47:01 AM","0000-00","0","no battery","V"
"10/22/2019","10:29:04","10","default","328281339","OXY_CH10","5.714","min","130.271","μmol/L","Humid","21.141","deg","131558","µV","38.981","°C","1014.000","hPa","36.0","pmil","0","55.560","deg","20.000","°C","100.000","%a.s.","22.340","deg","20.000","°C","962.000","hPa","0.861","-0.02617","0.00035","0","0","13.56","Humid","31.50","0","54.10","284387.99","SABD0002000014","AAV2.0.0.13","3.0.1.1413","PSt7-10","180509-029","9/13/2019 10:47:01 AM","0000-00","0","no battery","V"
"10/22/2019","10:29:05","10","default","328281339","OXY_CH10","5.731","min","130.318","μmol/L","Humid","21.137","deg","131558","µV","38.981","°C","1014.000","hPa","36.0","pmil","0","55.560","deg","20.000","°C","100.000","%a.s.","22.340","deg","20.000","°C","962.000","hPa","0.861","-0.02617","0.00035","0","0","13.56","Humid","31.50","0","54.10","284387.67","SABD0002000014","AAV2.0.0.13","3.0.1.1413","PSt7-10","180509-029","9/13/2019 10:47:01 AM","0000-00","0","no battery","V"
"10/22/2019","10:29:06","10","default","328281339","OXY_CH10","5.747","min","130.249","μmol/L","Humid","21.140","deg","131557","µV","38.988","°C","1014.000","hPa","36.0","pmil","0","55.560","deg","20.000","°C","100.000","%a.s.","22.340","deg","20.000","°C","962.000","hPa","0.861","-0.02617","0.00035","0","0","13.56","Humid","31.50","0","54.10","284378.80","SABD0002000014","AAV2.0.0.13","3.0.1.1413","PSt7-10","180509-029","9/13/2019 10:47:01 AM","0000-00","0","no battery","V"
"10/22/2019","10:29:07","10","default","328281339","OXY_CH10","5.764","min","130.271","μmol/L","Humid","21.141","deg","131559","µV","38.981","°C","1014.000","hPa","36.0","pmil","0","55.560","deg","20.000","°C","100.000","%a.s.","22.340","deg","20.000","°C","962.000","hPa","0.861","-0.02617","0.00035","0","0","13.56","Humid","31.50","0","54.10","284382.57","SABD0002000014","AAV2.0.0.13","3.0.1.1413","PSt7-10","180509-029","9/13/2019 10:47:01 AM","0000-00","0","no battery","V"
"10/22/2019","10:29:08","10","default","328281339","OXY_CH10","5.780","min","130.341","μmol/L","Humid","21.135","deg","131554","µV","38.981","°C","1014.000","hPa","36.0","pmil","0","55.560","deg","20.000","°C","100.000","%a.s.","22.340","deg","20.000","°C","962.000","hPa","0.861","-0.02617","0.00035","0","0","13.56","Humid","31.50","0","54.10","284379.49","SABD0002000014","AAV2.0.0.13","3.0.1.1413","PSt7-10","180509-029","9/13/2019 10:47:01 AM","0000-00","0","no battery","V"
"10/22/2019","10:29:09","10","default","328281339","OXY_CH10","5.797","min","130.340","μmol/L","Humid","21.138","deg","131543","µV","38.975","°C","1014.000","hPa","36.0","pmil","0","55.560","deg","20.000","°C","100.000","%a.s.","22.340","deg","20.000","°C","962.000","hPa","0.861","-0.02617","0.00035","0","0","13.56","Humid","31.50","0","54.10","284374.15","SABD0002000014","AAV2.0.0.13","3.0.1.1413","PSt7-10","180509-029","9/13/2019 10:47:01 AM","0000-00","0","no battery","V"
"10/22/2019","10:29:10","10","default","328281339","OXY_CH10","5.814","min","130.260","μmol/L","Humid","21.139","deg","131556","µV","38.988","°C","1014.000","hPa","36.0","pmil","0","55.560","deg","20.000","°C","100.000","%a.s.","22.340","deg","20.000","°C","962.000","hPa","0.861","-0.02617","0.00035","0","0","13.56","Humid","31.50","0","54.10","284381.42","SABD0002000014","AAV2.0.0.13","3.0.1.1413","PSt7-10","180509-029","9/13/2019 10:47:01 AM","0000-00","0","no battery","V"
"10/22/2019","10:29:11","10","default","328281339","OXY_CH10","5.831","min","130.283","μmol/L","Humid","21.140","deg","131559","µV","38.981","°C","1014.000","hPa","36.0","pmil","0","55.560","deg","20.000","°C","100.000","%a.s.","22.340","deg","20.000","°C","962.000","hPa","0.861","-0.02617","0.00035","0","0","13.56","Humid","31.50","0","54.10","284377.58","SABD0002000014","AAV2.0.0.13","3.0.1.1413","PSt7-10","180509-029","9/13/2019 10:47:01 AM","0000-00","0","no battery","V"
"10/22/2019","10:29:12","10","default","328281339","OXY_CH10","5.847","min","130.306","μmol/L","Humid","21.141","deg","131551","µV","38.975","°C","1014.000","hPa","36.0","pmil","0","55.560","deg","20.000","°C","100.000","%a.s.","22.340","deg","20.000","°C","962.000","hPa","0.861","-0.02617","0.00035","0","0","13.56","Humid","31.50","0","54.10","284374.24","SABD0002000014","AAV2.0.0.13","3.0.1.1413","PSt7-10","180509-029","9/13/2019 10:47:01 AM","0000-00","0","no battery","V"
"10/22/2019","10:29:13","10","default","328281339","OXY_CH10","5.864","min","130.237","μmol/L","Humid","21.141","deg","131554","µV","38.988","°C","1014.000","hPa","36.0","pmil","0","55.560","deg","20.000","°C","100.000","%a.s.","22.340","deg","20.000","°C","962.000","hPa","0.861","-0.02617","0.00035","0","0","13.56","Humid","31.50","0","54.10","284382.42","SABD0002000014","AAV2.0.0.13","3.0.1.1413","PSt7-10","180509-029","9/13/2019 10:47:01 AM","0000-00","0","no battery","V"
"10/22/2019","10:29:14","10","default","328281339","OXY_CH10","5.881","min","130.294","μmol/L","Humid","21.139","deg","131551","µV","38.981","°C","1014.000","hPa","36.0","pmil","0","55.560","deg","20.000","°C","100.000","%a.s.","22.340","deg","20.000","°C","962.000","hPa","0.861","-0.02617","0.00035","0","0","13.56","Humid","31.50","0","54.10","284381.18","SABD0002000014","AAV2.0.0.13","3.0.1.1413","PSt7-10","180509-029","9/13/2019 10:47:01 AM","0000-00","0","no battery","V"
"10/22/2019","10:29:15","10","default","328281339","OXY_CH10","5.897","min","130.283","μmol/L","Humid","21.140","deg","131557","µV","38.981","°C","1014.000","hPa","36.0","pmil","0","55.560","deg","20.000","°C","100.000","%a.s.","22.340","deg","20.000","°C","962.000","hPa","0.861","-0.02617","0.00035","0","0","13.56","Humid","31.50","0","54.10","284385.18","SABD0002000014","AAV2.0.0.13","3.0.1.1413","PSt7-10","180509-029","9/13/2019 10:47:01 AM","0000-00","0","no battery","V"
"10/22/2019","10:29:16","10","default","328281339","OXY_CH10","5.914","min","130.294","μmol/L","Humid","21.142","deg","131556","µV","38.975","°C","1014.000","hPa","36.0","pmil","0","55.560","deg","20.000","°C","100.000","%a.s.","22.340","deg","20.000","°C","962.000","hPa","0.861","-0.02617","0.00035","0","0","13.56","Humid","31.50","0","54.10","284379.84","SABD0002000014","AAV2.0.0.13","3.0.1.1413","PSt7-10","180509-029","9/13/2019 10:47:01 AM","0000-00","0","no battery","V"
"10/22/2019","10:29:17","10","default","328281339","OXY_CH10","5.931","min","130.283","μmol/L","Humid","21.140","deg","131551","µV","38.981","°C","1014.000","hPa","36.0","pmil","0","55.560","deg","20.000","°C","100.000","%a.s.","22.340","deg","20.000","°C","962.000","hPa","0.861","-0.02617","0.00035","0","0","13.56","Humid","31.50","0","54.10","284375.55","SABD0002000014","AAV2.0.0.13","3.0.1.1413","PSt7-10","180509-029","9/13/2019 10:47:01 AM","0000-00","0","no battery","V"
"10/22/2019","10:29:18","10","default","328281339","OXY_CH10","5.947","min","130.294","μmol/L","Humid","21.139","deg","131558","µV","38.981","°C","1014.000","hPa","36.0","pmil","0","55.560","deg","20.000","°C","100.000","%a.s.","22.340","deg","20.000","°C","962.000","hPa","0.861","-0.02617","0.00035","0","0","13.56","Humid","31.50","0","54.10","284376.15","SABD0002000014","AAV2.0.0.13","3.0.1.1413","PSt7-10","180509-029","9/13/2019 10:47:01 AM","0000-00","0","no battery","V"
"10/22/2019","10:29:19","10","default","328281339","OXY_CH10","5.964","min","130.294","μmol/L","Humid","21.142","deg","131554","µV","38.975","°C","1014.000","hPa","36.0","pmil","0","55.560","deg","20.000","°C","100.000","%a.s.","22.340","deg","20.000","°C","962.000","hPa","0.861","-0.02617","0.00035","0","0","13.56","Humid","31.50","0","54.10","284380.10","SABD0002000014","AAV2.0.0.13","3.0.1.1413","PSt7-10","180509-029","9/13/2019 10:47:01 AM","0000-00","0","no battery","V"
"10/22/2019","10:29:20","10","default","328281339","OXY_CH10","5.980","min","130.225","μmol/L","Humid","21.145","deg","131556","µV","38.981","°C","1014.000","hPa","36.0","pmil","0","55.560","deg","20.000","°C","100.000","%a.s.","22.340","deg","20.000","°C","962.000","hPa","0.861","-0.02617","0.00035","0","0","13.56","Humid","31.50","0","54.10","284369.10","SABD0002000014","AAV2.0.0.13","3.0.1.1413","PSt7-10","180509-029","9/13/2019 10:47:01 AM","0000-00","0","no battery","V"
"10/22/2019","10:29:21","10","default","328281339","OXY_CH10","5.998","min","130.271","μmol/L","Humid","21.141","deg","131560","µV","38.981","°C","1014.000","hPa","36.0","pmil","0","55.560","deg","20.000","°C","100.000","%a.s.","22.340","deg","20.000","°C","962.000","hPa","0.861","-0.02617","0.00035","0","0","13.56","Humid","31.50","0","54.10","284367.38","SABD0002000014","AAV2.0.0.13","3.0.1.1413","PSt7-10","180509-029","9/13/2019 10:47:01 AM","0000-00","0","no battery","V"
"10/22/2019","10:29:22","10","default","328281339","OXY_CH10","6.014","min","130.259","μmol/L","Humid","21.145","deg","131565","µV","38.975","°C","1014.000","hPa","36.0","pmil","0","55.560","deg","20.000","°C","100.000","%a.s.","22.340","deg","20.000","°C","962.000","hPa","0.861","-0.02617","0.00035","0","0","13.56","Humid","31.50","0","54.10","284380.05","SABD0002000014","AAV2.0.0.13","3.0.1.1413","PSt7-10","180509-029","9/13/2019 10:47:01 AM","0000-00","0","no battery","V"
"10/22/2019","10:29:23","10","default","328281339","OXY_CH10","6.030","min","130.294","μmol/L","Humid","21.145","deg","131565","µV","38.969","°C","1014.000","hPa","36.0","pmil","0","55.560","deg","20.000","°C","100.000","%a.s.","22.340","deg","20.000","°C","962.000","hPa","0.861","-0.02617","0.00035","0","0","13.56","Humid","31.50","0","54.10","284366.96","SABD0002000014","AAV2.0.0.13","3.0.1.1413","PSt7-10","180509-029","9/13/2019 10:47:01 AM","0000-00","0","no battery","V"
"10/22/2019","10:29:24","10","default","328281339","OXY_CH10","6.047","min","130.317","μmol/L","Humid","21.140","deg","131569","µV","38.975","°C","1014.000","hPa","36.0","pmil","0","55.560","deg","20.000","°C","100.000","%a.s.","22.340","deg","20.000","°C","962.000","hPa","0.861","-0.02617","0.00035","0","0","13.56","Humid","31.50","0","54.10","284367.05","SABD0002000014","AAV2.0.0.13","3.0.1.1413","PSt7-10","180509-029","9/13/2019 10:47:01 AM","0000-00","0","no battery","V"
"10/22/2019","10:29:25","10","default","328281339","OXY_CH10","6.064","min","130.237","μmol/L","Humid","21.144","deg","131560","µV","38.981","°C","1014.000","hPa","36.0","pmil","0","55.560","deg","20.000","°C","100.000","%a.s.","22.340","deg","20.000","°C","962.000","hPa","0.861","-0.02617","0.00035","0","0","13.56","Humid","31.50","0","54.10","284373.77","SABD0002000014","AAV2.0.0.13","3.0.1.1413","PSt7-10","180509-029","9/13/2019 10:47:01 AM","0000-00","0","no battery","V"
"10/22/2019","10:29:26","10","default","328281339","OXY_CH10","6.080","min","130.236","μmol/L","Humid","21.147","deg","131556","µV","38.975","°C","1014.000","hPa","36.0","pmil","0","55.560","deg","20.000","°C","100.000","%a.s.","22.340","deg","20.000","°C","962.000","hPa","0.861","-0.02617","0.00035","0","0","13.56","Humid","31.50","0","54.10","284364.96","SABD0002000014","AAV2.0.0.13","3.0.1.1413","PSt7-10","180509-029","9/13/2019 10:47:01 AM","0000-00","0","no battery","V"
"10/22/2019","10:29:27","10","default","328281339","OXY_CH10","6.097","min","130.248","μmol/L","Humid","21.146","deg","131561","µV","38.975","°C","1014.000","hPa","36.0","pmil","0","55.560","deg","20.000","°C","100.000","%a.s.","22.340","deg","20.000","°C","962.000","hPa","0.861","-0.02617","0.00035","0","0","13.56","Humid","31.50","0","54.10","284373.73","SABD0002000014","AAV2.0.0.13","3.0.1.1413","PSt7-10","180509-029","9/13/2019 10:47:01 AM","0000-00","0","no battery","V"
"10/22/2019","10:29:28","10","default","328281339","OXY_CH10","6.114","min","130.294","μmol/L","Humid","21.142","deg","131558","µV","38.975","°C","1014.000","hPa","36.0","pmil","0","55.560","deg","20.000","°C","100.000","%a.s.","22.340","deg","20.000","°C","962.000","hPa","0.861","-0.02617","0.00035","0","0","13.56","Humid","31.50","0","54.10","284350.54","SABD0002000014","AAV2.0.0.13","3.0.1.1413","PSt7-10","180509-029","9/13/2019 10:47:01 AM","0000-00","0","no battery","V"
"10/22/2019","10:29:29","10","default","328281339","OXY_CH10","6.130","min","130.271","μmol/L","Humid","21.144","deg","131561","µV","38.975","°C","1014.000","hPa","36.0","pmil","0","55.560","deg","20.000","°C","100.000","%a.s.","22.340","deg","20.000","°C","962.000","hPa","0.861","-0.02617","0.00035","0","0","13.56","Humid","31.50","0","54.10","284353.43","SABD0002000014","AAV2.0.0.13","3.0.1.1413","PSt7-10","180509-029","9/13/2019 10:47:01 AM","0000-00","0","no battery","V"
"10/22/2019","10:29:30","10","default","328281339","OXY_CH10","6.148","min","130.271","μmol/L","Humid","21.144","deg","131564","µV","38.975","°C","1014.000","hPa","36.0","pmil","0","55.560","deg","20.000","°C","100.000","%a.s.","22.340","deg","20.000","°C","962.000","hPa","0.861","-0.02617","0.00035","0","0","13.56","Humid","31.50","0","54.10","284373.41","SABD0002000014","AAV2.0.0.13","3.0.1.1413","PSt7-10","180509-029","9/13/2019 10:47:01 AM","0000-00","0","no battery","V"
"10/22/2019","10:29:31","10","default","328281339","OXY_CH10","6.164","min","130.248","μmol/L","Humid","21.146","deg","131562","µV","38.975","°C","1014.000","hPa","36.0","pmil","0","55.560","deg","20.000","°C","100.000","%a.s.","22.340","deg","20.000","°C","962.000","hPa","0.861","-0.02617","0.00035","0","0","13.56","Humid","31.50","0","54.10","284355.34","SABD0002000014","AAV2.0.0.13","3.0.1.1413","PSt7-10","180509-029","9/13/2019 10:47:01 AM","0000-00","0","no battery","V"
"10/22/2019","10:29:32","10","default","328281339","OXY_CH10","6.181","min","130.225","μmol/L","Humid","21.148","deg","131567","µV","38.975","°C","1014.000","hPa","36.0","pmil","0","55.560","deg","20.000","°C","100.000","%a.s.","22.340","deg","20.000","°C","962.000","hPa","0.861","-0.02617","0.00035","0","0","13.56","Humid","31.50","0","54.10","284364.12","SABD0002000014","AAV2.0.0.13","3.0.1.1413","PSt7-10","180509-029","9/13/2019 10:47:01 AM","0000-00","0","no battery","V"
"10/22/2019","10:29:33","10","default","328281339","OXY_CH10","6.197","min","130.270","μmol/L","Humid","21.147","deg","131560","µV","38.969","°C","1014.000","hPa","36.0","pmil","0","55.560","deg","20.000","°C","100.000","%a.s.","22.340","deg","20.000","°C","962.000","hPa","0.861","-0.02617","0.00035","0","0","13.56","Humid","31.50","0","54.10","284351.11","SABD0002000014","AAV2.0.0.13","3.0.1.1413","PSt7-10","180509-029","9/13/2019 10:47:01 AM","0000-00","0","no battery","V"
"10/22/2019","10:29:34","10","default","328281339","OXY_CH10","6.214","min","130.225","μmol/L","Humid","21.145","deg","131558","µV","38.981","°C","1014.000","hPa","36.0","pmil","0","55.560","deg","20.000","°C","100.000","%a.s.","22.340","deg","20.000","°C","962.000","hPa","0.861","-0.02617","0.00035","0","0","13.56","Humid","31.50","0","54.10","284359.10","SABD0002000014","AAV2.0.0.13","3.0.1.1413","PSt7-10","180509-029","9/13/2019 10:47:01 AM","0000-00","0","no battery","V"
"10/22/2019","10:29:35","10","default","328281339","OXY_CH10","6.231","min","130.225","μmol/L","Humid","21.148","deg","131568","µV","38.975","°C","1014.000","hPa","36.0","pmil","0","55.560","deg","20.000","°C","100.000","%a.s.","22.340","deg","20.000","°C","962.000","hPa","0.861","-0.02617","0.00035","0","0","13.56","Humid","31.50","0","54.10","284360.73","SABD0002000014","AAV2.0.0.13","3.0.1.1413","PSt7-10","180509-029","9/13/2019 10:47:01 AM","0000-00","0","no battery","V"
"10/22/2019","10:29:36","10","default","328281339","OXY_CH10","6.247","min","130.282","μmol/L","Humid","21.143","deg","131562","µV","38.975","°C","1014.000","hPa","36.0","pmil","0","55.560","deg","20.000","°C","100.000","%a.s.","22.340","deg","20.000","°C","962.000","hPa","0.861","-0.02617","0.00035","0","0","13.56","Humid","31.50","0","54.10","284352.45","SABD0002000014","AAV2.0.0.13","3.0.1.1413","PSt7-10","180509-029","9/13/2019 10:47:01 AM","0000-00","0","no battery","V"
"10/22/2019","10:29:37","10","default","328281339","OXY_CH10","6.264","min","130.225","μmol/L","Humid","21.148","deg","131552","µV","38.975","°C","1014.000","hPa","36.0","pmil","0","55.560","deg","20.000","°C","100.000","%a.s.","22.340","deg","20.000","°C","962.000","hPa","0.861","-0.02617","0.00035","0","0","13.56","Humid","31.50","0","54.10","284343.96","SABD0002000014","AAV2.0.0.13","3.0.1.1413","PSt7-10","180509-029","9/13/2019 10:47:01 AM","0000-00","0","no battery","V"
"10/22/2019","10:29:38","10","default","328281339","OXY_CH10","6.280","min","130.259","μmol/L","Humid","21.145","deg","131558","µV","38.975","°C","1014.000","hPa","36.0","pmil","0","55.560","deg","20.000","°C","100.000","%a.s.","22.340","deg","20.000","°C","962.000","hPa","0.861","-0.02617","0.00035","0","0","13.56","Humid","31.50","0","54.10","284349.97","SABD0002000014","AAV2.0.0.13","3.0.1.1413","PSt7-10","180509-029","9/13/2019 10:47:01 AM","0000-00","0","no battery","V"
"10/22/2019","10:29:39","10","default","328281339","OXY_CH10","6.297","min","130.213","μmol/L","Humid","21.149","deg","131567","µV","38.975","°C","1014.000","hPa","36.0","pmil","0","55.560","deg","20.000","°C","100.000","%a.s.","22.340","deg","20.000","°C","962.000","hPa","0.861","-0.02617","0.00035","0","0","13.56","Humid","31.50","0","54.10","284350.17","SABD0002000014","AAV2.0.0.13","3.0.1.1413","PSt7-10","180509-029","9/13/2019 10:47:01 AM","0000-00","0","no battery","V"
"10/22/2019","10:29:40","10","default","328281339","OXY_CH10","6.314","min","130.202","μmol/L","Humid","21.147","deg","131556","µV","38.981","°C","1014.000","hPa","36.0","pmil","0","55.560","deg","20.000","°C","100.000","%a.s.","22.340","deg","20.000","°C","962.000","hPa","0.861","-0.02617","0.00035","0","0","13.56","Humid","31.50","0","54.10","284345.04","SABD0002000014","AAV2.0.0.13","3.0.1.1413","PSt7-10","180509-029","9/13/2019 10:47:01 AM","0000-00","0","no battery","V"
"10/22/2019","10:29:42","10","default","328281339","OXY_CH10","6.343","min","130.236","μmol/L","Humid","21.147","deg","131593","µV","38.975","°C","1014.000","hPa","36.0","pmil","0","55.560","deg","20.000","°C","100.000","%a.s.","22.340","deg","20.000","°C","962.000","hPa","0.861","-0.02617","0.00035","0","0","13.56","Humid","31.50","0","54.10","284396.48","SABD0002000014","AAV2.0.0.13","3.0.1.1413","PSt7-10","180509-029","9/13/2019 10:47:01 AM","0000-00","0","no battery","V"
"10/22/2019","10:29:42","10","default","328281339","OXY_CH10","6.347","min","130.179","μmol/L","Humid","21.149","deg","131537","µV","38.981","°C","1014.000","hPa","36.0","pmil","0","55.560","deg","20.000","°C","100.000","%a.s.","22.340","deg","20.000","°C","962.000","hPa","0.861","-0.02617","0.00035","0","0","13.56","Humid","31.50","0","54.10","284310.05","SABD0002000014","AAV2.0.0.13","3.0.1.1413","PSt7-10","180509-029","9/13/2019 10:47:01 AM","0000-00","0","no battery","V"
"10/22/2019","10:29:43","10","default","328281339","OXY_CH10","6.363","min","130.236","μmol/L","Humid","21.147","deg","131540","µV","38.975","°C","1014.000","hPa","36.0","pmil","0","55.560","deg","20.000","°C","100.000","%a.s.","22.340","deg","20.000","°C","962.000","hPa","0.861","-0.02617","0.00035","0","0","13.56","Humid","31.50","0","54.10","284319.88","SABD0002000014","AAV2.0.0.13","3.0.1.1413","PSt7-10","180509-029","9/13/2019 10:47:01 AM","0000-00","0","no battery","V"
"10/22/2019","10:29:44","10","default","328281339","OXY_CH10","6.380","min","130.213","μmol/L","Humid","21.149","deg","131553","µV","38.975","°C","1014.000","hPa","36.0","pmil","0","55.560","deg","20.000","°C","100.000","%a.s.","22.340","deg","20.000","°C","962.000","hPa","0.861","-0.02617","0.00035","0","0","13.56","Humid","31.50","0","54.10","284335.36","SABD0002000014","AAV2.0.0.13","3.0.1.1413","PSt7-10","180509-029","9/13/2019 10:47:01 AM","0000-00","0","no battery","V"
"10/22/2019","10:29:45","10","default","328281339","OXY_CH10","6.397","min","130.213","μmol/L","Humid","21.149","deg","131561","µV","38.975","°C","1014.000","hPa","36.0","pmil","0","55.560","deg","20.000","°C","100.000","%a.s.","22.340","deg","20.000","°C","962.000","hPa","0.861","-0.02617","0.00035","0","0","13.56","Humid","31.50","0","54.10","284339.55","SABD0002000014","AAV2.0.0.13","3.0.1.1413","PSt7-10","180509-029","9/13/2019 10:47:01 AM","0000-00","0","no battery","V"
"10/22/2019","10:29:46","10","default","328281339","OXY_CH10","6.414","min","130.236","μmol/L","Humid","21.147","deg","131557","µV","38.975","°C","1014.000","hPa","36.0","pmil","0","55.560","deg","20.000","°C","100.000","%a.s.","22.340","deg","20.000","°C","962.000","hPa","0.861","-0.02617","0.00035","0","0","13.56","Humid","31.50","0","54.10","284350.41","SABD0002000014","AAV2.0.0.13","3.0.1.1413","PSt7-10","180509-029","9/13/2019 10:47:01 AM","0000-00","0","no battery","V"
"10/22/2019","10:29:47","10","default","328281339","OXY_CH10","6.430","min","130.213","μmol/L","Humid","21.149","deg","131549","µV","38.975","°C","1014.000","hPa","36.0","pmil","0","55.560","deg","20.000","°C","100.000","%a.s.","22.340","deg","20.000","°C","962.000","hPa","0.861","-0.02617","0.00035","0","0","13.56","Humid","31.50","0","54.10","284333.58","SABD0002000014","AAV2.0.0.13","3.0.1.1413","PSt7-10","180509-029","9/13/2019 10:47:01 AM","0000-00","0","no battery","V"
"10/22/2019","10:29:48","10","default","328281339","OXY_CH10","6.447","min","130.202","μmol/L","Humid","21.147","deg","131547","µV","38.981","°C","1014.000","hPa","36.0","pmil","0","55.560","deg","20.000","°C","100.000","%a.s.","22.340","deg","20.000","°C","962.000","hPa","0.861","-0.02617","0.00035","0","0","13.56","Humid","31.50","0","54.10","284327.52","SABD0002000014","AAV2.0.0.13","3.0.1.1413","PSt7-10","180509-029","9/13/2019 10:47:01 AM","0000-00","0","no battery","V"
"10/22/2019","10:29:49","10","default","328281339","OXY_CH10","6.463","min","130.179","μmol/L","Humid","21.149","deg","131547","µV","38.981","°C","1014.000","hPa","36.0","pmil","0","55.560","deg","20.000","°C","100.000","%a.s.","22.340","deg","20.000","°C","962.000","hPa","0.861","-0.02617","0.00035","0","0","13.56","Humid","31.50","0","54.10","284329.80","SABD0002000014","AAV2.0.0.13","3.0.1.1413","PSt7-10","180509-029","9/13/2019 10:47:01 AM","0000-00","0","no battery","V"
"10/22/2019","10:29:50","10","default","328281339","OXY_CH10","6.481","min","130.225","μmol/L","Humid","21.148","deg","131551","µV","38.975","°C","1014.000","hPa","36.0","pmil","0","55.560","deg","20.000","°C","100.000","%a.s.","22.340","deg","20.000","°C","962.000","hPa","0.861","-0.02617","0.00035","0","0","13.56","Humid","31.50","0","54.10","284345.57","SABD0002000014","AAV2.0.0.13","3.0.1.1413","PSt7-10","180509-029","9/13/2019 10:47:01 AM","0000-00","0","no battery","V"
"10/22/2019","10:29:51","10","default","328281339","OXY_CH10","6.497","min","130.202","μmol/L","Humid","21.150","deg","131549","µV","38.975","°C","1014.000","hPa","36.0","pmil","0","55.560","deg","20.000","°C","100.000","%a.s.","22.340","deg","20.000","°C","962.000","hPa","0.861","-0.02617","0.00035","0","0","13.56","Humid","31.50","0","54.10","284327.03","SABD0002000014","AAV2.0.0.13","3.0.1.1413","PSt7-10","180509-029","9/13/2019 10:47:01 AM","0000-00","0","no battery","V"
"10/22/2019","10:29:52","10","default","328281339","OXY_CH10","6.515","min","130.202","μmol/L","Humid","21.150","deg","131547","µV","38.975","°C","1014.000","hPa","36.0","pmil","0","55.560","deg","20.000","°C","100.000","%a.s.","22.340","deg","20.000","°C","962.000","hPa","0.861","-0.02617","0.00035","0","0","13.56","Humid","31.50","0","54.10","284341.83","SABD0002000014","AAV2.0.0.13","3.0.1.1413","PSt7-10","180509-029","9/13/2019 10:47:01 AM","0000-00","0","no battery","V"
"10/22/2019","10:29:53","10","default","328281339","OXY_CH10","6.531","min","130.167","μmol/L","Humid","21.153","deg","131546","µV","38.975","°C","1014.000","hPa","36.0","pmil","0","55.560","deg","20.000","°C","100.000","%a.s.","22.340","deg","20.000","°C","962.000","hPa","0.861","-0.02617","0.00035","0","0","13.56","Humid","31.50","0","54.10","284333.46","SABD0002000014","AAV2.0.0.13","3.0.1.1413","PSt7-10","180509-029","9/13/2019 10:47:01 AM","0000-00","0","no battery","V"
"10/22/2019","10:29:54","10","default","328281339","OXY_CH10","6.547","min","130.213","μmol/L","Humid","21.152","deg","131551","µV","38.969","°C","1014.000","hPa","36.0","pmil","0","55.560","deg","20.000","°C","100.000","%a.s.","22.340","deg","20.000","°C","962.000","hPa","0.861","-0.02617","0.00035","0","0","13.56","Humid","31.50","0","54.10","284336.22","SABD0002000014","AAV2.0.0.13","3.0.1.1413","PSt7-10","180509-029","9/13/2019 10:47:01 AM","0000-00","0","no battery","V"
"10/22/2019","10:29:55","10","default","328281339","OXY_CH10","6.564","min","130.236","μmol/L","Humid","21.150","deg","131554","µV","38.969","°C","1014.000","hPa","36.0","pmil","0","55.560","deg","20.000","°C","100.000","%a.s.","22.340","deg","20.000","°C","962.000","hPa","0.861","-0.02617","0.00035","0","0","13.56","Humid","31.50","0","54.10","284333.42","SABD0002000014","AAV2.0.0.13","3.0.1.1413","PSt7-10","180509-029","9/13/2019 10:47:01 AM","0000-00","0","no battery","V"
"10/22/2019","10:29:56","10","default","328281339","OXY_CH10","6.581","min","130.202","μmol/L","Humid","21.150","deg","131561","µV","38.975","°C","1014.000","hPa","36.0","pmil","0","55.560","deg","20.000","°C","100.000","%a.s.","22.340","deg","20.000","°C","962.000","hPa","0.861","-0.02617","0.00035","0","0","13.56","Humid","31.50","0","54.10","284331.23","SABD0002000014","AAV2.0.0.13","3.0.1.1413","PSt7-10","180509-029","9/13/2019 10:47:01 AM","0000-00","0","no battery","V"
"10/22/2019","10:29:57","10","default","328281339","OXY_CH10","6.598","min","130.202","μmol/L","Humid","21.150","deg","131559","µV","38.975","°C","1014.000","hPa","36.0","pmil","0","55.560","deg","20.000","°C","100.000","%a.s.","22.340","deg","20.000","°C","962.000","hPa","0.861","-0.02617","0.00035","0","0","13.56","Humid","31.50","0","54.10","284332.48","SABD0002000014","AAV2.0.0.13","3.0.1.1413","PSt7-10","180509-029","9/13/2019 10:47:01 AM","0000-00","0","no battery","V"
"10/22/2019","10:29:58","10","default","328281339","OXY_CH10","6.614","min","130.190","μmol/L","Humid","21.154","deg","131557","µV","38.969","°C","1014.000","hPa","36.0","pmil","0","55.560","deg","20.000","°C","100.000","%a.s.","22.340","deg","20.000","°C","962.000","hPa","0.861","-0.02617","0.00035","0","0","13.56","Humid","31.50","0","54.10","284324.24","SABD0002000014","AAV2.0.0.13","3.0.1.1413","PSt7-10","180509-029","9/13/2019 10:47:01 AM","0000-00","0","no battery","V"
"10/22/2019","10:29:59","10","default","328281339","OXY_CH10","6.630","min","130.156","μmol/L","Humid","21.151","deg","131557","µV","38.981","°C","1014.000","hPa","36.0","pmil","0","55.560","deg","20.000","°C","100.000","%a.s.","22.340","deg","20.000","°C","962.000","hPa","0.861","-0.02617","0.00035","0","0","13.56","Humid","31.50","0","54.10","284315.01","SABD0002000014","AAV2.0.0.13","3.0.1.1413","PSt7-10","180509-029","9/13/2019 10:47:01 AM","0000-00","0","no battery","V"
"10/22/2019","10:30:00","10","default","328281339","OXY_CH10","6.647","min","130.179","μmol/L","Humid","21.152","deg","131563","µV","38.975","°C","1014.000","hPa","36.0","pmil","0","55.560","deg","20.000","°C","100.000","%a.s.","22.340","deg","20.000","°C","962.000","hPa","0.861","-0.02617","0.00035","0","0","13.56","Humid","31.50","0","54.10","284321.77","SABD0002000014","AAV2.0.0.13","3.0.1.1413","PSt7-10","180509-029","9/13/2019 10:47:01 AM","0000-00","0","no battery","V"
"10/22/2019","10:30:01","10","default","328281339","OXY_CH10","6.664","min","130.167","μmol/L","Humid","21.153","deg","131556","µV","38.975","°C","1014.000","hPa","36.0","pmil","0","55.560","deg","20.000","°C","100.000","%a.s.","22.340","deg","20.000","°C","962.000","hPa","0.861","-0.02617","0.00035","0","0","13.56","Humid","31.50","0","54.10","284324.73","SABD0002000014","AAV2.0.0.13","3.0.1.1413","PSt7-10","180509-029","9/13/2019 10:47:01 AM","0000-00","0","no battery","V"
"10/22/2019","10:30:02","10","default","328281339","OXY_CH10","6.681","min","130.156","μmol/L","Humid","21.154","deg","131564","µV","38.975","°C","1014.000","hPa","36.0","pmil","0","55.560","deg","20.000","°C","100.000","%a.s.","22.340","deg","20.000","°C","962.000","hPa","0.861","-0.02617","0.00035","0","0","13.56","Humid","31.50","0","54.10","284325.20","SABD0002000014","AAV2.0.0.13","3.0.1.1413","PSt7-10","180509-029","9/13/2019 10:47:01 AM","0000-00","0","no battery","V"
"10/22/2019","10:30:03","10","default","328281339","OXY_CH10","6.697","min","130.201","μmol/L","Humid","21.156","deg","131564","µV","38.963","°C","1014.000","hPa","36.0","pmil","0","55.560","deg","20.000","°C","100.000","%a.s.","22.340","deg","20.000","°C","962.000","hPa","0.861","-0.02617","0.00035","0","0","13.56","Humid","31.50","0","54.10","284325.06","SABD0002000014","AAV2.0.0.13","3.0.1.1413","PSt7-10","180509-029","9/13/2019 10:47:01 AM","0000-00","0","no battery","V"
"10/22/2019","10:30:04","10","default","328281339","OXY_CH10","6.714","min","130.178","μmol/L","Humid","21.155","deg","131564","µV","38.969","°C","1014.000","hPa","36.0","pmil","0","55.560","deg","20.000","°C","100.000","%a.s.","22.340","deg","20.000","°C","962.000","hPa","0.861","-0.02617","0.00035","0","0","13.56","Humid","31.50","0","54.10","284313.81","SABD0002000014","AAV2.0.0.13","3.0.1.1413","PSt7-10","180509-029","9/13/2019 10:47:01 AM","0000-00","0","no battery","V"
"10/22/2019","10:30:05","10","default","328281339","OXY_CH10","6.730","min","130.190","μmol/L","Humid","21.154","deg","131557","µV","38.969","°C","1014.000","hPa","36.0","pmil","0","55.560","deg","20.000","°C","100.000","%a.s.","22.340","deg","20.000","°C","962.000","hPa","0.861","-0.02617","0.00035","0","0","13.56","Humid","31.50","0","54.10","284308.82","SABD0002000014","AAV2.0.0.13","3.0.1.1413","PSt7-10","180509-029","9/13/2019 10:47:01 AM","0000-00","0","no battery","V"
"10/22/2019","10:30:06","10","default","328281339","OXY_CH10","6.747","min","130.235","μmol/L","Humid","21.153","deg","131554","µV","38.963","°C","1014.000","hPa","36.0","pmil","0","55.560","deg","20.000","°C","100.000","%a.s.","22.340","deg","20.000","°C","962.000","hPa","0.861","-0.02617","0.00035","0","0","13.56","Humid","31.50","0","54.10","284312.75","SABD0002000014","AAV2.0.0.13","3.0.1.1413","PSt7-10","180509-029","9/13/2019 10:47:01 AM","0000-00","0","no battery","V"
"10/22/2019","10:30:07","10","default","328281339","OXY_CH10","6.764","min","130.144","μmol/L","Humid","21.158","deg","131554","µV","38.969","°C","1014.000","hPa","36.0","pmil","0","55.560","deg","20.000","°C","100.000","%a.s.","22.340","deg","20.000","°C","962.000","hPa","0.861","-0.02617","0.00035","0","0","13.56","Humid","31.50","0","54.10","284310.19","SABD0002000014","AAV2.0.0.13","3.0.1.1413","PSt7-10","180509-029","9/13/2019 10:47:01 AM","0000-00","0","no battery","V"
"10/22/2019","10:30:08","10","default","328281339","OXY_CH10","6.781","min","130.190","μmol/L","Humid","21.154","deg","131562","µV","38.969","°C","1014.000","hPa","36.0","pmil","0","55.560","deg","20.000","°C","100.000","%a.s.","22.340","deg","20.000","°C","962.000","hPa","0.861","-0.02617","0.00035","0","0","13.56","Humid","31.50","0","54.10","284313.07","SABD0002000014","AAV2.0.0.13","3.0.1.1413","PSt7-10","180509-029","9/13/2019 10:47:01 AM","0000-00","0","no battery","V"
"10/22/2019","10:30:09","10","default","328281339","OXY_CH10","6.797","min","130.132","μmol/L","Humid","21.156","deg","131564","µV","38.975","°C","1014.000","hPa","36.0","pmil","0","55.560","deg","20.000","°C","100.000","%a.s.","22.340","deg","20.000","°C","962.000","hPa","0.861","-0.02617","0.00035","0","0","13.56","Humid","31.50","0","54.10","284318.46","SABD0002000014","AAV2.0.0.13","3.0.1.1413","PSt7-10","180509-029","9/13/2019 10:47:01 AM","0000-00","0","no battery","V"
"10/22/2019","10:30:10","10","default","328281339","OXY_CH10","6.814","min","130.213","μmol/L","Humid","21.152","deg","131568","µV","38.969","°C","1014.000","hPa","36.0","pmil","0","55.560","deg","20.000","°C","100.000","%a.s.","22.340","deg","20.000","°C","962.000","hPa","0.861","-0.02617","0.00035","0","0","13.56","Humid","31.50","0","54.10","284310.92","SABD0002000014","AAV2.0.0.13","3.0.1.1413","PSt7-10","180509-029","9/13/2019 10:47:01 AM","0000-00","0","no battery","V"
"10/22/2019","10:30:11","10","default","328281339","OXY_CH10","6.831","min","130.167","μmol/L","Humid","21.156","deg","131566","µV","38.969","°C","1014.000","hPa","36.0","pmil","0","55.560","deg","20.000","°C","100.000","%a.s.","22.340","deg","20.000","°C","962.000","hPa","0.861","-0.02617","0.00035","0","0","13.56","Humid","31.50","0","54.10","284304.82","SABD0002000014","AAV2.0.0.13","3.0.1.1413","PSt7-10","180509-029","9/13/2019 10:47:01 AM","0000-00","0","no battery","V"
"10/22/2019","10:30:12","10","default","328281339","OXY_CH10","6.848","min","130.144","μmol/L","Humid","21.155","deg","131567","µV","38.975","°C","1014.000","hPa","36.0","pmil","0","55.560","deg","20.000","°C","100.000","%a.s.","22.340","deg","20.000","°C","962.000","hPa","0.861","-0.02617","0.00035","0","0","13.56","Humid","31.50","0","54.10","284326.21","SABD0002000014","AAV2.0.0.13","3.0.1.1413","PSt7-10","180509-029","9/13/2019 10:47:01 AM","0000-00","0","no battery","V"
"10/22/2019","10:30:13","10","default","328281339","OXY_CH10","6.864","min","130.178","μmol/L","Humid","21.155","deg","131561","µV","38.969","°C","1014.000","hPa","36.0","pmil","0","55.560","deg","20.000","°C","100.000","%a.s.","22.340","deg","20.000","°C","962.000","hPa","0.861","-0.02617","0.00035","0","0","13.56","Humid","31.50","0","54.10","284307.11","SABD0002000014","AAV2.0.0.13","3.0.1.1413","PSt7-10","180509-029","9/13/2019 10:47:01 AM","0000-00","0","no battery","V"
"10/22/2019","10:30:14","10","default","328281339","OXY_CH10","6.881","min","130.156","μmol/L","Humid","21.154","deg","131569","µV","38.975","°C","1014.000","hPa","36.0","pmil","0","55.560","deg","20.000","°C","100.000","%a.s.","22.340","deg","20.000","°C","962.000","hPa","0.861","-0.02617","0.00035","0","0","13.56","Humid","31.50","0","54.10","284303.15","SABD0002000014","AAV2.0.0.13","3.0.1.1413","PSt7-10","180509-029","9/13/2019 10:47:01 AM","0000-00","0","no battery","V"
"10/22/2019","10:30:15","10","default","328281339","OXY_CH10","6.897","min","130.121","μmol/L","Humid","21.157","deg","131432","µV","38.975","°C","1014.000","hPa","36.0","pmil","0","55.560","deg","20.000","°C","100.000","%a.s.","22.340","deg","20.000","°C","962.000","hPa","0.861","-0.02617","0.00035","0","0","13.56","Humid","31.50","0","54.10","284304.83","SABD0002000014","AAV2.0.0.13","3.0.1.1413","PSt7-10","180509-029","9/13/2019 10:47:01 AM","0000-00","0","no battery","V"
"10/22/2019","10:30:16","10","default","328281339","OXY_CH10","6.914","min","130.189","μmol/L","Humid","21.157","deg","131387","µV","38.963","°C","1014.000","hPa","36.0","pmil","0","55.560","deg","20.000","°C","100.000","%a.s.","22.340","deg","20.000","°C","962.000","hPa","0.861","-0.02617","0.00035","0","0","13.56","Humid","31.50","0","54.10","284303.13","SABD0002000014","AAV2.0.0.13","3.0.1.1413","PSt7-10","180509-029","9/13/2019 10:47:01 AM","0000-00","0","no battery","V"
"10/22/2019","10:30:17","10","default","328281339","OXY_CH10","6.930","min","130.167","μmol/L","Humid","21.156","deg","131415","µV","38.969","°C","1014.000","hPa","36.0","pmil","0","55.560","deg","20.000","°C","100.000","%a.s.","22.340","deg","20.000","°C","962.000","hPa","0.861","-0.02617","0.00035","0","0","13.56","Humid","31.50","0","54.10","284310.13","SABD0002000014","AAV2.0.0.13","3.0.1.1413","PSt7-10","180509-029","9/13/2019 10:47:01 AM","0000-00","0","no battery","V"
"10/22/2019","10:30:18","10","default","328281339","OXY_CH10","6.947","min","130.109","μmol/L","Humid","21.158","deg","131474","µV","38.975","°C","1014.000","hPa","36.0","pmil","0","55.560","deg","20.000","°C","100.000","%a.s.","22.340","deg","20.000","°C","962.000","hPa","0.861","-0.02617","0.00035","0","0","13.56","Humid","31.50","0","54.10","284302.89","SABD0002000014","AAV2.0.0.13","3.0.1.1413","PSt7-10","180509-029","9/13/2019 10:47:01 AM","0000-00","0","no battery","V"
"10/22/2019","10:30:19","10","default","328281339","OXY_CH10","6.964","min","130.201","μmol/L","Humid","21.156","deg","131496","µV","38.963","°C","1014.000","hPa","36.0","pmil","0","55.560","deg","20.000","°C","100.000","%a.s.","22.340","deg","20.000","°C","962.000","hPa","0.861","-0.02617","0.00035","0","0","13.56","Humid","31.50","0","54.10","284311.08","SABD0002000014","AAV2.0.0.13","3.0.1.1413","PSt7-10","180509-029","9/13/2019 10:47:01 AM","0000-00","0","no battery","V"
"10/22/2019","10:30:20","10","default","328281339","OXY_CH10","6.981","min","130.132","μmol/L","Humid","21.159","deg","131544","µV","38.969","°C","1014.000","hPa","36.0","pmil","0","55.560","deg","20.000","°C","100.000","%a.s.","22.340","deg","20.000","°C","962.000","hPa","0.861","-0.02617","0.00035","0","0","13.56","Humid","31.50","0","54.10","284312.16","SABD0002000014","AAV2.0.0.13","3.0.1.1413","PSt7-10","180509-029","9/13/2019 10:47:01 AM","0000-00","0","no battery","V"
"10/22/2019","10:30:21","10","default","328281339","OXY_CH10","6.997","min","130.143","μmol/L","Humid","21.161","deg","131521","µV","38.963","°C","1014.000","hPa","36.0","pmil","0","55.560","deg","20.000","°C","100.000","%a.s.","22.340","deg","20.000","°C","962.000","hPa","0.861","-0.02617","0.00035","0","0","13.56","Humid","31.50","0","54.10","284302.91","SABD0002000014","AAV2.0.0.13","3.0.1.1413","PSt7-10","180509-029","9/13/2019 10:47:01 AM","0000-00","0","no battery","V"
"10/22/2019","10:30:22","10","default","328281339","OXY_CH10","7.014","min","130.075","μmol/L","Humid","21.161","deg","131520","µV","38.975","°C","1014.000","hPa","36.0","pmil","0","55.560","deg","20.000","°C","100.000","%a.s.","22.340","deg","20.000","°C","962.000","hPa","0.861","-0.02617","0.00035","0","0","13.56","Humid","31.50","0","54.10","284305.09","SABD0002000014","AAV2.0.0.13","3.0.1.1413","PSt7-10","180509-029","9/13/2019 10:47:01 AM","0000-00","0","no battery","V"
"10/22/2019","10:30:23","10","default","328281339","OXY_CH10","7.031","min","130.098","μmol/L","Humid","21.159","deg","131532","µV","38.975","°C","1014.000","hPa","36.0","pmil","0","55.560","deg","20.000","°C","100.000","%a.s.","22.340","deg","20.000","°C","962.000","hPa","0.861","-0.02617","0.00035","0","0","13.56","Humid","31.50","0","54.10","284307.64","SABD0002000014","AAV2.0.0.13","3.0.1.1413","PSt7-10","180509-029","9/13/2019 10:47:01 AM","0000-00","0","no battery","V"
"10/22/2019","10:30:24","10","default","328281339","OXY_CH10","7.047","min","130.098","μmol/L","Humid","21.159","deg","131513","µV","38.975","°C","1014.000","hPa","36.0","pmil","0","55.560","deg","20.000","°C","100.000","%a.s.","22.340","deg","20.000","°C","962.000","hPa","0.861","-0.02617","0.00035","0","0","13.56","Humid","31.50","0","54.10","284298.27","SABD0002000014","AAV2.0.0.13","3.0.1.1413","PSt7-10","180509-029","9/13/2019 10:47:01 AM","0000-00","0","no battery","V"
"10/22/2019","10:30:25","10","default","328281339","OXY_CH10","7.064","min","130.120","μmol/L","Humid","21.160","deg","131511","µV","38.969","°C","1014.000","hPa","36.0","pmil","0","55.560","deg","20.000","°C","100.000","%a.s.","22.340","deg","20.000","°C","962.000","hPa","0.861","-0.02617","0.00035","0","0","13.56","Humid","31.50","0","54.10","284305.15","SABD0002000014","AAV2.0.0.13","3.0.1.1413","PSt7-10","180509-029","9/13/2019 10:47:01 AM","0000-00","0","no battery","V"
"10/22/2019","10:30:26","10","default","328281339","OXY_CH10","7.081","min","130.132","μmol/L","Humid","21.159","deg","131520","µV","38.969","°C","1014.000","hPa","36.0","pmil","0","55.560","deg","20.000","°C","100.000","%a.s.","22.340","deg","20.000","°C","962.000","hPa","0.861","-0.02617","0.00035","0","0","13.56","Humid","31.50","0","54.10","284304.22","SABD0002000014","AAV2.0.0.13","3.0.1.1413","PSt7-10","180509-029","9/13/2019 10:47:01 AM","0000-00","0","no battery","V"
"10/22/2019","10:30:27","10","default","328281339","OXY_CH10","7.097","min","130.132","μmol/L","Humid","21.159","deg","131523","µV","38.969","°C","1014.000","hPa","36.0","pmil","0","55.560","deg","20.000","°C","100.000","%a.s.","22.340","deg","20.000","°C","962.000","hPa","0.861","-0.02617","0.00035","0","0","13.56","Humid","31.50","0","54.10","284297.21","SABD0002000014","AAV2.0.0.13","3.0.1.1413","PSt7-10","180509-029","9/13/2019 10:47:01 AM","0000-00","0","no battery","V"
"10/22/2019","10:30:28","10","default","328281339","OXY_CH10","7.114","min","130.132","μmol/L","Humid","21.162","deg","131606","µV","38.963","°C","1014.000","hPa","36.0","pmil","0","55.560","deg","20.000","°C","100.000","%a.s.","22.340","deg","20.000","°C","962.000","hPa","0.861","-0.02617","0.00035","0","0","13.56","Humid","31.50","0","54.10","284287.76","SABD0002000014","AAV2.0.0.13","3.0.1.1413","PSt7-10","180509-029","9/13/2019 10:47:01 AM","0000-00","0","no battery","V"
"10/22/2019","10:30:29","10","default","328281339","OXY_CH10","7.131","min","130.144","μmol/L","Humid","21.158","deg","131436","µV","38.969","°C","1014.000","hPa","36.0","pmil","0","55.560","deg","20.000","°C","100.000","%a.s.","22.340","deg","20.000","°C","962.000","hPa","0.861","-0.02617","0.00035","0","0","13.56","Humid","31.50","0","54.10","284301.86","SABD0002000014","AAV2.0.0.13","3.0.1.1413","PSt7-10","180509-029","9/13/2019 10:47:01 AM","0000-00","0","no battery","V"
"10/22/2019","10:30:30","10","default","328281339","OXY_CH10","7.147","min","130.132","μmol/L","Humid","21.159","deg","131529","µV","38.969","°C","1014.000","hPa","36.0","pmil","0","55.560","deg","20.000","°C","100.000","%a.s.","22.340","deg","20.000","°C","962.000","hPa","0.861","-0.02617","0.00035","0","0","13.56","Humid","31.50","0","54.10","284291.49","SABD0002000014","AAV2.0.0.13","3.0.1.1413","PSt7-10","180509-029","9/13/2019 10:47:01 AM","0000-00","0","no battery","V"
"10/22/2019","10:30:31","10","default","328281339","OXY_CH10","7.164","min","130.074","μmol/L","Humid","21.164","deg","131428","µV","38.969","°C","1014.000","hPa","36.0","pmil","0","55.560","deg","20.000","°C","100.000","%a.s.","22.340","deg","20.000","°C","962.000","hPa","0.861","-0.02617","0.00035","0","0","13.56","Humid","31.50","0","54.10","284289.42","SABD0002000014","AAV2.0.0.13","3.0.1.1413","PSt7-10","180509-029","9/13/2019 10:47:01 AM","0000-00","0","no battery","V"
"10/22/2019","10:30:32","10","default","328281339","OXY_CH10","7.181","min","130.178","μmol/L","Humid","21.158","deg","131441","µV","38.963","°C","1014.000","hPa","36.0","pmil","0","55.560","deg","20.000","°C","100.000","%a.s.","22.340","deg","20.000","°C","962.000","hPa","0.861","-0.02617","0.00035","0","0","13.56","Humid","31.50","0","54.10","284285.82","SABD0002000014","AAV2.0.0.13","3.0.1.1413","PSt7-10","180509-029","9/13/2019 10:47:01 AM","0000-00","0","no battery","V"
"10/22/2019","10:30:33","10","default","328281339","OXY_CH10","7.197","min","130.154","μmol/L","Humid","21.163","deg","131462","µV","38.957","°C","1014.000","hPa","36.0","pmil","0","55.560","deg","20.000","°C","100.000","%a.s.","22.340","deg","20.000","°C","962.000","hPa","0.861","-0.02617","0.00035","0","0","13.56","Humid","31.50","0","54.10","284296.24","SABD0002000014","AAV2.0.0.13","3.0.1.1413","PSt7-10","180509-029","9/13/2019 10:47:01 AM","0000-00","0","no battery","V"
"10/22/2019","10:30:34","10","default","328281339","OXY_CH10","7.214","min","130.166","μmol/L","Humid","21.162","deg","131461","µV","38.957","°C","1014.000","hPa","36.0","pmil","0","55.560","deg","20.000","°C","100.000","%a.s.","22.340","deg","20.000","°C","962.000","hPa","0.861","-0.02617","0.00035","0","0","13.56","Humid","31.50","0","54.10","284288.04","SABD0002000014","AAV2.0.0.13","3.0.1.1413","PSt7-10","180509-029","9/13/2019 10:47:01 AM","0000-00","0","no battery","V"
"10/22/2019","10:30:35","10","default","328281339","OXY_CH10","7.230","min","130.098","μmol/L","Humid","21.159","deg","131462","µV","38.975","°C","1014.000","hPa","36.0","pmil","0","55.560","deg","20.000","°C","100.000","%a.s.","22.340","deg","20.000","°C","962.000","hPa","0.861","-0.02617","0.00035","0","0","13.56","Humid","31.50","0","54.10","284293.91","SABD0002000014","AAV2.0.0.13","3.0.1.1413","PSt7-10","180509-029","9/13/2019 10:47:01 AM","0000-00","0","no battery","V"
"10/22/2019","10:30:36","10","default","328281339","OXY_CH10","7.247","min","130.132","μmol/L","Humid","21.159","deg","131456","µV","38.969","°C","1014.000","hPa","36.0","pmil","0","55.560","deg","20.000","°C","100.000","%a.s.","22.340","deg","20.000","°C","962.000","hPa","0.861","-0.02617","0.00035","0","0","13.56","Humid","31.50","0","54.10","284283.21","SABD0002000014","AAV2.0.0.13","3.0.1.1413","PSt7-10","180509-029","9/13/2019 10:47:01 AM","0000-00","0","no battery","V"
"10/22/2019","10:30:37","10","default","328281339","OXY_CH10","7.263","min","130.109","μmol/L","Humid","21.161","deg","131457","µV","38.969","°C","1014.000","hPa","36.0","pmil","0","55.560","deg","20.000","°C","100.000","%a.s.","22.340","deg","20.000","°C","962.000","hPa","0.861","-0.02617","0.00035","0","0","13.56","Humid","31.50","0","54.10","284286.35","SABD0002000014","AAV2.0.0.13","3.0.1.1413","PSt7-10","180509-029","9/13/2019 10:47:01 AM","0000-00","0","no battery","V"
"10/22/2019","10:30:38","10","default","328281339","OXY_CH10","7.281","min","130.109","μmol/L","Humid","21.161","deg","131454","µV","38.969","°C","1014.000","hPa","36.0","pmil","0","55.560","deg","20.000","°C","100.000","%a.s.","22.340","deg","20.000","°C","962.000","hPa","0.861","-0.02617","0.00035","0","0","13.56","Humid","31.50","0","54.10","284281.92","SABD0002000014","AAV2.0.0.13","3.0.1.1413","PSt7-10","180509-029","9/13/2019 10:47:01 AM","0000-00","0","no battery","V"
"10/22/2019","10:30:39","10","default","328281339","OXY_CH10","7.298","min","130.075","μmol/L","Humid","21.161","deg","131449","µV","38.975","°C","1014.000","hPa","36.0","pmil","0","55.560","deg","20.000","°C","100.000","%a.s.","22.340","deg","20.000","°C","962.000","hPa","0.861","-0.02617","0.00035","0","0","13.56","Humid","31.50","0","54.10","284277.65","SABD0002000014","AAV2.0.0.13","3.0.1.1413","PSt7-10","180509-029","9/13/2019 10:47:01 AM","0000-00","0","no battery","V"
"10/22/2019","10:30:40","10","default","328281339","OXY_CH10","7.314","min","130.109","μmol/L","Humid","21.164","deg","131457","µV","38.963","°C","1014.000","hPa","36.0","pmil","0","55.560","deg","20.000","°C","100.000","%a.s.","22.340","deg","20.000","°C","962.000","hPa","0.861","-0.02617","0.00035","0","0","13.56","Humid","31.50","0","54.10","284285.39","SABD0002000014","AAV2.0.0.13","3.0.1.1413","PSt7-10","180509-029","9/13/2019 10:47:01 AM","0000-00","0","no battery","V"
"10/22/2019","10:30:41","10","default","328281339","OXY_CH10","7.330","min","130.143","μmol/L","Humid","21.161","deg","131449","µV","38.963","°C","1014.000","hPa","36.0","pmil","0","55.560","deg","20.000","°C","100.000","%a.s.","22.340","deg","20.000","°C","962.000","hPa","0.861","-0.02617","0.00035","0","0","13.56","Humid","31.50","0","54.10","284279.19","SABD0002000014","AAV2.0.0.13","3.0.1.1413","PSt7-10","180509-029","9/13/2019 10:47:01 AM","0000-00","0","no battery","V"
"10/22/2019","10:30:42","10","default","328281339","OXY_CH10","7.347","min","130.120","μmol/L","Humid","21.163","deg","131455","µV","38.963","°C","1014.000","hPa","36.0","pmil","0","55.560","deg","20.000","°C","100.000","%a.s.","22.340","deg","20.000","°C","962.000","hPa","0.861","-0.02617","0.00035","0","0","13.56","Humid","31.50","0","54.10","284287.58","SABD0002000014","AAV2.0.0.13","3.0.1.1413","PSt7-10","180509-029","9/13/2019 10:47:01 AM","0000-00","0","no battery","V"
"10/22/2019","10:30:43","10","default","328281339","OXY_CH10","7.364","min","130.085","μmol/L","Humid","21.166","deg","131464","µV","38.963","°C","1014.000","hPa","36.0","pmil","0","55.560","deg","20.000","°C","100.000","%a.s.","22.340","deg","20.000","°C","962.000","hPa","0.861","-0.02617","0.00035","0","0","13.56","Humid","31.50","0","54.10","284287.70","SABD0002000014","AAV2.0.0.13","3.0.1.1413","PSt7-10","180509-029","9/13/2019 10:47:01 AM","0000-00","0","no battery","V"
"10/22/2019","10:30:44","10","default","328281339","OXY_CH10","7.380","min","130.120","μmol/L","Humid","21.163","deg","131453","µV","38.963","°C","1014.000","hPa","36.0","pmil","0","55.560","deg","20.000","°C","100.000","%a.s.","22.340","deg","20.000","°C","962.000","hPa","0.861","-0.02617","0.00035","0","0","13.56","Humid","31.50","0","54.10","284277.72","SABD0002000014","AAV2.0.0.13","3.0.1.1413","PSt7-10","180509-029","9/13/2019 10:47:01 AM","0000-00","0","no battery","V"
"10/22/2019","10:30:45","10","default","328281339","OXY_CH10","7.398","min","130.085","μmol/L","Humid","21.166","deg","131466","µV","38.963","°C","1014.000","hPa","36.0","pmil","0","55.560","deg","20.000","°C","100.000","%a.s.","22.340","deg","20.000","°C","962.000","hPa","0.861","-0.02617","0.00035","0","0","13.56","Humid","31.50","0","54.10","284286.08","SABD0002000014","AAV2.0.0.13","3.0.1.1413","PSt7-10","180509-029","9/13/2019 10:47:01 AM","0000-00","0","no battery","V"
"10/22/2019","10:30:46","10","default","328281339","OXY_CH10","7.414","min","130.085","μmol/L","Humid","21.169","deg","131470","µV","38.957","°C","1014.000","hPa","36.0","pmil","0","55.560","deg","20.000","°C","100.000","%a.s.","22.340","deg","20.000","°C","962.000","hPa","0.861","-0.02617","0.00035","0","0","13.56","Humid","31.50","0","54.10","284272.42","SABD0002000014","AAV2.0.0.13","3.0.1.1413","PSt7-10","180509-029","9/13/2019 10:47:01 AM","0000-00","0","no battery","V"
"10/22/2019","10:30:47","10","default","328281339","OXY_CH10","7.431","min","130.074","μmol/L","Humid","21.164","deg","131467","µV","38.969","°C","1014.000","hPa","36.0","pmil","0","55.560","deg","20.000","°C","100.000","%a.s.","22.340","deg","20.000","°C","962.000","hPa","0.861","-0.02617","0.00035","0","0","13.56","Humid","31.50","0","54.10","284281.40","SABD0002000014","AAV2.0.0.13","3.0.1.1413","PSt7-10","180509-029","9/13/2019 10:47:01 AM","0000-00","0","no battery","V"
"10/22/2019","10:30:48","10","default","328281339","OXY_CH10","7.447","min","130.085","μmol/L","Humid","21.166","deg","131458","µV","38.963","°C","1014.000","hPa","36.0","pmil","0","55.560","deg","20.000","°C","100.000","%a.s.","22.340","deg","20.000","°C","962.000","hPa","0.861","-0.02617","0.00035","0","0","13.56","Humid","31.50","0","54.10","284278.52","SABD0002000014","AAV2.0.0.13","3.0.1.1413","PSt7-10","180509-029","9/13/2019 10:47:01 AM","0000-00","0","no battery","V"
"10/22/2019","10:30:49","10","default","328281339","OXY_CH10","7.464","min","130.074","μmol/L","Humid","21.167","deg","131466","µV","38.963","°C","1014.000","hPa","36.0","pmil","0","55.560","deg","20.000","°C","100.000","%a.s.","22.340","deg","20.000","°C","962.000","hPa","0.861","-0.02617","0.00035","0","0","13.56","Humid","31.50","0","54.10","284279.09","SABD0002000014","AAV2.0.0.13","3.0.1.1413","PSt7-10","180509-029","9/13/2019 10:47:01 AM","0000-00","0","no battery","V"
"10/22/2019","10:30:50","10","default","328281339","OXY_CH10","7.480","min","130.097","μmol/L","Humid","21.168","deg","131467","µV","38.957","°C","1014.000","hPa","36.0","pmil","0","55.560","deg","20.000","°C","100.000","%a.s.","22.340","deg","20.000","°C","962.000","hPa","0.861","-0.02617","0.00035","0","0","13.56","Humid","31.50","0","54.10","284279.15","SABD0002000014","AAV2.0.0.13","3.0.1.1413","PSt7-10","180509-029","9/13/2019 10:47:01 AM","0000-00","0","no battery","V"
"10/22/2019","10:30:51","10","default","328281339","OXY_CH10","7.497","min","130.063","μmol/L","Humid","21.165","deg","131457","µV","38.969","°C","1014.000","hPa","36.0","pmil","0","55.560","deg","20.000","°C","100.000","%a.s.","22.340","deg","20.000","°C","962.000","hPa","0.861","-0.02617","0.00035","0","0","13.56","Humid","31.50","0","54.10","284269.92","SABD0002000014","AAV2.0.0.13","3.0.1.1413","PSt7-10","180509-029","9/13/2019 10:47:01 AM","0000-00","0","no battery","V"
"10/22/2019","10:30:52","10","default","328281339","OXY_CH10","7.514","min","130.097","μmol/L","Humid","21.168","deg","131468","µV","38.957","°C","1014.000","hPa","36.0","pmil","0","55.560","deg","20.000","°C","100.000","%a.s.","22.340","deg","20.000","°C","962.000","hPa","0.861","-0.02617","0.00035","0","0","13.56","Humid","31.50","0","54.10","284281.77","SABD0002000014","AAV2.0.0.13","3.0.1.1413","PSt7-10","180509-029","9/13/2019 10:47:01 AM","0000-00","0","no battery","V"
"10/22/2019","10:30:53","10","default","328281339","OXY_CH10","7.531","min","130.028","μmol/L","Humid","21.168","deg","131467","µV","38.969","°C","1014.000","hPa","36.0","pmil","0","55.560","deg","20.000","°C","100.000","%a.s.","22.340","deg","20.000","°C","962.000","hPa","0.861","-0.02617","0.00035","0","0","13.56","Humid","31.50","0","54.10","284274.65","SABD0002000014","AAV2.0.0.13","3.0.1.1413","PSt7-10","180509-029","9/13/2019 10:47:01 AM","0000-00","0","no battery","V"
"10/22/2019","10:30:54","10","default","328281339","OXY_CH10","7.547","min","130.074","μmol/L","Humid","21.167","deg","131471","µV","38.963","°C","1014.000","hPa","36.0","pmil","0","55.560","deg","20.000","°C","100.000","%a.s.","22.340","deg","20.000","°C","962.000","hPa","0.861","-0.02617","0.00035","0","0","13.56","Humid","31.50","0","54.10","284281.39","SABD0002000014","AAV2.0.0.13","3.0.1.1413","PSt7-10","180509-029","9/13/2019 10:47:01 AM","0000-00","0","no battery","V"
"10/22/2019","10:30:55","10","default","328281339","OXY_CH10","7.564","min","130.097","μmol/L","Humid","21.165","deg","131462","µV","38.963","°C","1014.000","hPa","36.0","pmil","0","55.560","deg","20.000","°C","100.000","%a.s.","22.340","deg","20.000","°C","962.000","hPa","0.861","-0.02617","0.00035","0","0","13.56","Humid","31.50","0","54.10","284266.92","SABD0002000014","AAV2.0.0.13","3.0.1.1413","PSt7-10","180509-029","9/13/2019 10:47:01 AM","0000-00","0","no battery","V"
"10/22/2019","10:30:56","10","default","328281339","OXY_CH10","7.581","min","130.062","μmol/L","Humid","21.168","deg","131474","µV","38.963","°C","1014.000","hPa","36.0","pmil","0","55.560","deg","20.000","°C","100.000","%a.s.","22.340","deg","20.000","°C","962.000","hPa","0.861","-0.02617","0.00035","0","0","13.56","Humid","31.50","0","54.10","284271.41","SABD0002000014","AAV2.0.0.13","3.0.1.1413","PSt7-10","180509-029","9/13/2019 10:47:01 AM","0000-00","0","no battery","V"
"10/22/2019","10:30:57","10","default","328281339","OXY_CH10","7.597","min","130.051","μmol/L","Humid","21.169","deg","131470","µV","38.963","°C","1014.000","hPa","36.0","pmil","0","55.560","deg","20.000","°C","100.000","%a.s.","22.340","deg","20.000","°C","962.000","hPa","0.861","-0.02617","0.00035","0","0","13.56","Humid","31.50","0","54.10","284261.17","SABD0002000014","AAV2.0.0.13","3.0.1.1413","PSt7-10","180509-029","9/13/2019 10:47:01 AM","0000-00","0","no battery","V"
"10/22/2019","10:30:58","10","default","328281339","OXY_CH10","7.614","min","129.982","μmol/L","Humid","21.172","deg","131479","µV","38.969","°C","1014.000","hPa","36.0","pmil","0","55.560","deg","20.000","°C","100.000","%a.s.","22.340","deg","20.000","°C","962.000","hPa","0.861","-0.02617","0.00035","0","0","13.56","Humid","31.50","0","54.10","284267.28","SABD0002000014","AAV2.0.0.13","3.0.1.1413","PSt7-10","180509-029","9/13/2019 10:47:01 AM","0000-00","0","no battery","V"
"10/22/2019","10:30:59","10","default","328281339","OXY_CH10","7.630","min","130.039","μmol/L","Humid","21.170","deg","131478","µV","38.963","°C","1014.000","hPa","36.0","pmil","0","55.560","deg","20.000","°C","100.000","%a.s.","22.340","deg","20.000","°C","962.000","hPa","0.861","-0.02617","0.00035","0","0","13.56","Humid","31.50","0","54.10","284260.42","SABD0002000014","AAV2.0.0.13","3.0.1.1413","PSt7-10","180509-029","9/13/2019 10:47:01 AM","0000-00","0","no battery","V"
"10/22/2019","10:31:00","10","default","328281339","OXY_CH10","7.648","min","130.016","μmol/L","Humid","21.172","deg","131488","µV","38.963","°C","1014.000","hPa","36.0","pmil","0","55.560","deg","20.000","°C","100.000","%a.s.","22.340","deg","20.000","°C","962.000","hPa","0.861","-0.02617","0.00035","0","0","13.56","Humid","31.50","0","54.10","284268.57","SABD0002000014","AAV2.0.0.13","3.0.1.1413","PSt7-10","180509-029","9/13/2019 10:47:01 AM","0000-00","0","no battery","V"
"10/22/2019","10:31:01","10","default","328281339","OXY_CH10","7.664","min","130.039","μmol/L","Humid","21.173","deg","131486","µV","38.957","°C","1014.000","hPa","36.0","pmil","0","55.560","deg","20.000","°C","100.000","%a.s.","22.340","deg","20.000","°C","962.000","hPa","0.861","-0.02617","0.00035","0","0","13.56","Humid","31.50","0","54.10","284252.51","SABD0002000014","AAV2.0.0.13","3.0.1.1413","PSt7-10","180509-029","9/13/2019 10:47:01 AM","0000-00","0","no battery","V"
"10/22/2019","10:31:02","10","default","328281339","OXY_CH10","7.680","min","130.005","μmol/L","Humid","21.173","deg","131491","µV","38.963","°C","1014.000","hPa","36.0","pmil","0","55.560","deg","20.000","°C","100.000","%a.s.","22.340","deg","20.000","°C","962.000","hPa","0.861","-0.02617","0.00035","0","0","13.56","Humid","31.50","0","54.10","284261.00","SABD0002000014","AAV2.0.0.13","3.0.1.1413","PSt7-10","180509-029","9/13/2019 10:47:01 AM","0000-00","0","no battery","V"
"10/22/2019","10:31:03","10","default","328281339","OXY_CH10","7.697","min","130.062","μmol/L","Humid","21.171","deg","131483","µV","38.957","°C","1014.000","hPa","36.0","pmil","0","55.560","deg","20.000","°C","100.000","%a.s.","22.340","deg","20.000","°C","962.000","hPa","0.861","-0.02617","0.00035","0","0","13.56","Humid","31.50","0","54.10","284263.98","SABD0002000014","AAV2.0.0.13","3.0.1.1413","PSt7-10","180509-029","9/13/2019 10:47:01 AM","0000-00","0","no battery","V"
"10/22/2019","10:31:04","10","default","328281339","OXY_CH10","7.713","min","129.982","μmol/L","Humid","21.172","deg","131488","µV","38.969","°C","1014.000","hPa","36.0","pmil","0","55.560","deg","20.000","°C","100.000","%a.s.","22.340","deg","20.000","°C","962.000","hPa","0.861","-0.02617","0.00035","0","0","13.56","Humid","31.50","0","54.10","284265.89","SABD0002000014","AAV2.0.0.13","3.0.1.1413","PSt7-10","180509-029","9/13/2019 10:47:01 AM","0000-00","0","no battery","V"
"10/22/2019","10:31:05","10","default","328281339","OXY_CH10","7.731","min","130.028","μmol/L","Humid","21.171","deg","131489","µV","38.963","°C","1014.000","hPa","36.0","pmil","0","55.560","deg","20.000","°C","100.000","%a.s.","22.340","deg","20.000","°C","962.000","hPa","0.861","-0.02617","0.00035","0","0","13.56","Humid","31.50","0","54.10","284263.97","SABD0002000014","AAV2.0.0.13","3.0.1.1413","PSt7-10","180509-029","9/13/2019 10:47:01 AM","0000-00","0","no battery","V"
"10/22/2019","10:31:06","10","default","328281339","OXY_CH10","7.747","min","130.027","μmol/L","Humid","21.174","deg","131486","µV","38.957","°C","1014.000","hPa","36.0","pmil","0","55.560","deg","20.000","°C","100.000","%a.s.","22.340","deg","20.000","°C","962.000","hPa","0.861","-0.02617","0.00035","0","0","13.56","Humid","31.50","0","54.10","284256.71","SABD0002000014","AAV2.0.0.13","3.0.1.1413","PSt7-10","180509-029","9/13/2019 10:47:01 AM","0000-00","0","no battery","V"
"10/22/2019","10:31:07","10","default","328281339","OXY_CH10","7.764","min","130.039","μmol/L","Humid","21.173","deg","131492","µV","38.957","°C","1014.000","hPa","36.0","pmil","0","55.560","deg","20.000","°C","100.000","%a.s.","22.340","deg","20.000","°C","962.000","hPa","0.861","-0.02617","0.00035","0","0","13.56","Humid","31.50","0","54.10","284267.88","SABD0002000014","AAV2.0.0.13","3.0.1.1413","PSt7-10","180509-029","9/13/2019 10:47:01 AM","0000-00","0","no battery","V"
"10/22/2019","10:31:08","10","default","328281339","OXY_CH10","7.780","min","130.005","μmol/L","Humid","21.173","deg","131478","µV","38.963","°C","1014.000","hPa","36.0","pmil","0","55.560","deg","20.000","°C","100.000","%a.s.","22.340","deg","20.000","°C","962.000","hPa","0.861","-0.02617","0.00035","0","0","13.56","Humid","31.50","0","54.10","284261.14","SABD0002000014","AAV2.0.0.13","3.0.1.1413","PSt7-10","180509-029","9/13/2019 10:47:01 AM","0000-00","0","no battery","V"
"10/22/2019","10:31:09","10","default","328281339","OXY_CH10","7.797","min","129.982","μmol/L","Humid","21.175","deg","131480","µV","38.963","°C","1014.000","hPa","36.0","pmil","0","55.560","deg","20.000","°C","100.000","%a.s.","22.340","deg","20.000","°C","962.000","hPa","0.861","-0.02617","0.00035","0","0","13.56","Humid","31.50","0","54.10","284258.68","SABD0002000014","AAV2.0.0.13","3.0.1.1413","PSt7-10","180509-029","9/13/2019 10:47:01 AM","0000-00","0","no battery","V"
"10/22/2019","10:31:10","10","default","328281339","OXY_CH10","7.813","min","129.982","μmol/L","Humid","21.175","deg","131484","µV","38.963","°C","1014.000","hPa","36.0","pmil","0","55.560","deg","20.000","°C","100.000","%a.s.","22.340","deg","20.000","°C","962.000","hPa","0.861","-0.02617","0.00035","0","0","13.56","Humid","31.50","0","54.10","284262.31","SABD0002000014","AAV2.0.0.13","3.0.1.1413","PSt7-10","180509-029","9/13/2019 10:47:01 AM","0000-00","0","no battery","V"
"10/22/2019","10:31:11","10","default","328281339","OXY_CH10","7.830","min","129.982","μmol/L","Humid","21.175","deg","131477","µV","38.963","°C","1014.000","hPa","36.0","pmil","0","55.560","deg","20.000","°C","100.000","%a.s.","22.340","deg","20.000","°C","962.000","hPa","0.861","-0.02617","0.00035","0","0","13.56","Humid","31.50","0","54.10","284260.69","SABD0002000014","AAV2.0.0.13","3.0.1.1413","PSt7-10","180509-029","9/13/2019 10:47:01 AM","0000-00","0","no battery","V"
"10/22/2019","10:31:12","10","default","328281339","OXY_CH10","7.848","min","130.061","μmol/L","Humid","21.174","deg","131476","µV","38.951","°C","1014.000","hPa","36.0","pmil","0","55.560","deg","20.000","°C","100.000","%a.s.","22.340","deg","20.000","°C","962.000","hPa","0.861","-0.02617","0.00035","0","0","13.56","Humid","31.50","0","54.10","284247.13","SABD0002000014","AAV2.0.0.13","3.0.1.1413","PSt7-10","180509-029","9/13/2019 10:47:01 AM","0000-00","0","no battery","V"
"10/22/2019","10:31:13","10","default","328281339","OXY_CH10","7.864","min","129.993","μmol/L","Humid","21.174","deg","131473","µV","38.963","°C","1014.000","hPa","36.0","pmil","0","55.560","deg","20.000","°C","100.000","%a.s.","22.340","deg","20.000","°C","962.000","hPa","0.861","-0.02617","0.00035","0","0","13.56","Humid","31.50","0","54.10","284243.13","SABD0002000014","AAV2.0.0.13","3.0.1.1413","PSt7-10","180509-029","9/13/2019 10:47:01 AM","0000-00","0","no battery","V"
"10/22/2019","10:31:14","10","default","328281339","OXY_CH10","7.881","min","129.947","μmol/L","Humid","21.178","deg","131476","µV","38.963","°C","1014.000","hPa","36.0","pmil","0","55.560","deg","20.000","°C","100.000","%a.s.","22.340","deg","20.000","°C","962.000","hPa","0.861","-0.02617","0.00035","0","0","13.56","Humid","31.50","0","54.10","284254.40","SABD0002000014","AAV2.0.0.13","3.0.1.1413","PSt7-10","180509-029","9/13/2019 10:47:01 AM","0000-00","0","no battery","V"
"10/22/2019","10:31:15","10","default","328281339","OXY_CH10","7.897","min","129.982","μmol/L","Humid","21.175","deg","131480","µV","38.963","°C","1014.000","hPa","36.0","pmil","0","55.560","deg","20.000","°C","100.000","%a.s.","22.340","deg","20.000","°C","962.000","hPa","0.861","-0.02617","0.00035","0","0","13.56","Humid","31.50","0","54.10","284253.44","SABD0002000014","AAV2.0.0.13","3.0.1.1413","PSt7-10","180509-029","9/13/2019 10:47:01 AM","0000-00","0","no battery","V"
"10/22/2019","10:31:16","10","default","328281339","OXY_CH10","7.914","min","129.993","μmol/L","Humid","21.174","deg","131478","µV","38.963","°C","1014.000","hPa","36.0","pmil","0","55.560","deg","20.000","°C","100.000","%a.s.","22.340","deg","20.000","°C","962.000","hPa","0.861","-0.02617","0.00035","0","0","13.56","Humid","31.50","0","54.10","284252.27","SABD0002000014","AAV2.0.0.13","3.0.1.1413","PSt7-10","180509-029","9/13/2019 10:47:01 AM","0000-00","0","no battery","V"
"10/22/2019","10:31:17","10","default","328281339","OXY_CH10","7.930","min","130.061","μmol/L","Humid","21.174","deg","131482","µV","38.951","°C","1014.000","hPa","36.0","pmil","0","55.560","deg","20.000","°C","100.000","%a.s.","22.340","deg","20.000","°C","962.000","hPa","0.861","-0.02617","0.00035","0","0","13.56","Humid","31.50","0","54.10","284251.90","SABD0002000014","AAV2.0.0.13","3.0.1.1413","PSt7-10","180509-029","9/13/2019 10:47:01 AM","0000-00","0","no battery","V"
"10/22/2019","10:31:18","10","default","328281339","OXY_CH10","7.947","min","129.970","μmol/L","Humid","21.179","deg","131481","µV","38.957","°C","1014.000","hPa","36.0","pmil","0","55.560","deg","20.000","°C","100.000","%a.s.","22.340","deg","20.000","°C","962.000","hPa","0.861","-0.02617","0.00035","0","0","13.56","Humid","31.50","0","54.10","284260.87","SABD0002000014","AAV2.0.0.13","3.0.1.1413","PSt7-10","180509-029","9/13/2019 10:47:01 AM","0000-00","0","no battery","V"
"10/22/2019","10:31:19","10","default","328281339","OXY_CH10","7.964","min","129.970","μmol/L","Humid","21.176","deg","131490","µV","38.963","°C","1014.000","hPa","36.0","pmil","0","55.560","deg","20.000","°C","100.000","%a.s.","22.340","deg","20.000","°C","962.000","hPa","0.861","-0.02617","0.00035","0","0","13.56","Humid","31.50","0","54.10","284251.14","SABD0002000014","AAV2.0.0.13","3.0.1.1413","PSt7-10","180509-029","9/13/2019 10:47:01 AM","0000-00","0","no battery","V"
"10/22/2019","10:31:20","10","default","328281339","OXY_CH10","7.980","min","129.947","μmol/L","Humid","21.178","deg","131484","µV","38.963","°C","1014.000","hPa","36.0","pmil","0","55.560","deg","20.000","°C","100.000","%a.s.","22.340","deg","20.000","°C","962.000","hPa","0.861","-0.02617","0.00035","0","0","13.56","Humid","31.50","0","54.10","284249.25","SABD0002000014","AAV2.0.0.13","3.0.1.1413","PSt7-10","180509-029","9/13/2019 10:47:01 AM","0000-00","0","no battery","V"
"10/22/2019","10:31:21","10","default","328281339","OXY_CH10","7.997","min","130.016","μmol/L","Humid","21.175","deg","131480","µV","38.957","°C","1014.000","hPa","36.0","pmil","0","55.560","deg","20.000","°C","100.000","%a.s.","22.340","deg","20.000","°C","962.000","hPa","0.861","-0.02617","0.00035","0","0","13.56","Humid","31.50","0","54.10","284253.04","SABD0002000014","AAV2.0.0.13","3.0.1.1413","PSt7-10","180509-029","9/13/2019 10:47:01 AM","0000-00","0","no battery","V"
"10/22/2019","10:31:22","10","default","328281339","OXY_CH10","8.015","min","130.004","μmol/L","Humid","21.176","deg","131488","µV","38.957","°C","1014.000","hPa","36.0","pmil","0","55.560","deg","20.000","°C","100.000","%a.s.","22.340","deg","20.000","°C","962.000","hPa","0.861","-0.02617","0.00035","0","0","13.56","Humid","31.50","0","54.10","284263.43","SABD0002000014","AAV2.0.0.13","3.0.1.1413","PSt7-10","180509-029","9/13/2019 10:47:01 AM","0000-00","0","no battery","V"
"10/22/2019","10:31:23","10","default","328281339","OXY_CH10","8.031","min","129.970","μmol/L","Humid","21.176","deg","131478","µV","38.963","°C","1014.000","hPa","36.0","pmil","0","55.560","deg","20.000","°C","100.000","%a.s.","22.340","deg","20.000","°C","962.000","hPa","0.861","-0.02617","0.00035","0","0","13.56","Humid","31.50","0","54.10","284238.64","SABD0002000014","AAV2.0.0.13","3.0.1.1413","PSt7-10","180509-029","9/13/2019 10:47:01 AM","0000-00","0","no battery","V"
"10/22/2019","10:31:24","10","default","328281339","OXY_CH10","8.047","min","129.936","μmol/L","Humid","21.179","deg","131486","µV","38.963","°C","1014.000","hPa","36.0","pmil","0","55.560","deg","20.000","°C","100.000","%a.s.","22.340","deg","20.000","°C","962.000","hPa","0.861","-0.02617","0.00035","0","0","13.56","Humid","31.50","0","54.10","284248.86","SABD0002000014","AAV2.0.0.13","3.0.1.1413","PSt7-10","180509-029","9/13/2019 10:47:01 AM","0000-00","0","no battery","V"
"10/22/2019","10:31:25","10","default","328281339","OXY_CH10","8.064","min","129.970","μmol/L","Humid","21.179","deg","131491","µV","38.957","°C","1014.000","hPa","36.0","pmil","0","55.560","deg","20.000","°C","100.000","%a.s.","22.340","deg","20.000","°C","962.000","hPa","0.861","-0.02617","0.00035","0","0","13.56","Humid","31.50","0","54.10","284239.52","SABD0002000014","AAV2.0.0.13","3.0.1.1413","PSt7-10","180509-029","9/13/2019 10:47:01 AM","0000-00","0","no battery","V"
"10/22/2019","10:31:26","10","default","328281339","OXY_CH10","8.081","min","129.890","μmol/L","Humid","21.183","deg","131487","µV","38.963","°C","1014.000","hPa","36.0","pmil","0","55.560","deg","20.000","°C","100.000","%a.s.","22.340","deg","20.000","°C","962.000","hPa","0.861","-0.02617","0.00035","0","0","13.56","Humid","31.50","0","54.10","284242.51","SABD0002000014","AAV2.0.0.13","3.0.1.1413","PSt7-10","180509-029","9/13/2019 10:47:01 AM","0000-00","0","no battery","V"
"10/22/2019","10:31:27","10","default","328281339","OXY_CH10","8.097","min","129.958","μmol/L","Humid","21.180","deg","131491","µV","38.957","°C","1014.000","hPa","36.0","pmil","0","55.560","deg","20.000","°C","100.000","%a.s.","22.340","deg","20.000","°C","962.000","hPa","0.861","-0.02617","0.00035","0","0","13.56","Humid","31.50","0","54.10","284249.97","SABD0002000014","AAV2.0.0.13","3.0.1.1413","PSt7-10","180509-029","9/13/2019 10:47:01 AM","0000-00","0","no battery","V"
"10/22/2019","10:31:28","10","default","328281339","OXY_CH10","8.114","min","129.959","μmol/L","Humid","21.177","deg","131490","µV","38.963","°C","1014.000","hPa","36.0","pmil","0","55.560","deg","20.000","°C","100.000","%a.s.","22.340","deg","20.000","°C","962.000","hPa","0.861","-0.02617","0.00035","0","0","13.56","Humid","31.50","0","54.10","284250.25","SABD0002000014","AAV2.0.0.13","3.0.1.1413","PSt7-10","180509-029","9/13/2019 10:47:01 AM","0000-00","0","no battery","V"
"10/22/2019","10:31:29","10","default","328281339","OXY_CH10","8.131","min","129.981","μmol/L","Humid","21.178","deg","131495","µV","38.957","°C","1014.000","hPa","36.0","pmil","0","55.560","deg","20.000","°C","100.000","%a.s.","22.340","deg","20.000","°C","962.000","hPa","0.861","-0.02617","0.00035","0","0","13.56","Humid","31.50","0","54.10","284249.61","SABD0002000014","AAV2.0.0.13","3.0.1.1413","PSt7-10","180509-029","9/13/2019 10:47:01 AM","0000-00","0","no battery","V"
"10/22/2019","10:31:30","10","default","328281339","OXY_CH10","8.147","min","129.946","μmol/L","Humid","21.184","deg","131485","µV","38.951","°C","1014.000","hPa","36.0","pmil","0","55.560","deg","20.000","°C","100.000","%a.s.","22.340","deg","20.000","°C","962.000","hPa","0.861","-0.02617","0.00035","0","0","13.56","Humid","31.50","0","54.10","284240.77","SABD0002000014","AAV2.0.0.13","3.0.1.1413","PSt7-10","180509-029","9/13/2019 10:47:01 AM","0000-00","0","no battery","V"
"10/22/2019","10:31:31","10","default","328281339","OXY_CH10","8.164","min","129.924","μmol/L","Humid","21.180","deg","131491","µV","38.963","°C","1014.000","hPa","36.0","pmil","0","55.560","deg","20.000","°C","100.000","%a.s.","22.340","deg","20.000","°C","962.000","hPa","0.861","-0.02617","0.00035","0","0","13.56","Humid","31.50","0","54.10","284233.80","SABD0002000014","AAV2.0.0.13","3.0.1.1413","PSt7-10","180509-029","9/13/2019 10:47:01 AM","0000-00","0","no battery","V"
"10/22/2019","10:31:32","10","default","328281339","OXY_CH10","8.181","min","129.924","μmol/L","Humid","21.183","deg","131494","µV","38.957","°C","1014.000","hPa","36.0","pmil","0","55.560","deg","20.000","°C","100.000","%a.s.","22.340","deg","20.000","°C","962.000","hPa","0.861","-0.02617","0.00035","0","0","13.56","Humid","31.50","0","54.10","284238.29","SABD0002000014","AAV2.0.0.13","3.0.1.1413","PSt7-10","180509-029","9/13/2019 10:47:01 AM","0000-00","0","no battery","V"
"10/22/2019","10:31:33","10","default","328281339","OXY_CH10","8.197","min","129.889","μmol/L","Humid","21.186","deg","131492","µV","38.957","°C","1014.000","hPa","36.0","pmil","0","55.560","deg","20.000","°C","100.000","%a.s.","22.340","deg","20.000","°C","962.000","hPa","0.861","-0.02617","0.00035","0","0","13.56","Humid","31.50","0","54.10","284241.52","SABD0002000014","AAV2.0.0.13","3.0.1.1413","PSt7-10","180509-029","9/13/2019 10:47:01 AM","0000-00","0","no battery","V"
"10/22/2019","10:31:34","10","default","328281339","OXY_CH10","8.214","min","129.901","μmol/L","Humid","21.182","deg","131504","µV","38.963","°C","1014.000","hPa","36.0","pmil","0","55.560","deg","20.000","°C","100.000","%a.s.","22.340","deg","20.000","°C","962.000","hPa","0.861","-0.02617","0.00035","0","0","13.56","Humid","31.50","0","54.10","284242.11","SABD0002000014","AAV2.0.0.13","3.0.1.1413","PSt7-10","180509-029","9/13/2019 10:47:01 AM","0000-00","0","no battery","V"
"10/22/2019","10:31:35","10","default","328281339","OXY_CH10","8.230","min","129.924","μmol/L","Humid","21.183","deg","131490","µV","38.957","°C","1014.000","hPa","36.0","pmil","0","55.560","deg","20.000","°C","100.000","%a.s.","22.340","deg","20.000","°C","962.000","hPa","0.861","-0.02617","0.00035","0","0","13.56","Humid","31.50","0","54.10","284229.01","SABD0002000014","AAV2.0.0.13","3.0.1.1413","PSt7-10","180509-029","9/13/2019 10:47:01 AM","0000-00","0","no battery","V"
"10/22/2019","10:31:36","10","default","328281339","OXY_CH10","8.247","min","129.946","μmol/L","Humid","21.184","deg","131502","µV","38.951","°C","1014.000","hPa","36.0","pmil","0","55.560","deg","20.000","°C","100.000","%a.s.","22.340","deg","20.000","°C","962.000","hPa","0.861","-0.02617","0.00035","0","0","13.56","Humid","31.50","0","54.10","284231.66","SABD0002000014","AAV2.0.0.13","3.0.1.1413","PSt7-10","180509-029","9/13/2019 10:47:01 AM","0000-00","0","no battery","V"
"10/22/2019","10:31:37","10","default","328281339","OXY_CH10","8.264","min","129.969","μmol/L","Humid","21.182","deg","131499","µV","38.951","°C","1014.000","hPa","36.0","pmil","0","55.560","deg","20.000","°C","100.000","%a.s.","22.340","deg","20.000","°C","962.000","hPa","0.861","-0.02617","0.00035","0","0","13.56","Humid","31.50","0","54.10","284229.24","SABD0002000014","AAV2.0.0.13","3.0.1.1413","PSt7-10","180509-029","9/13/2019 10:47:01 AM","0000-00","0","no battery","V"
"10/22/2019","10:31:38","10","default","328281339","OXY_CH10","8.280","min","129.878","μmol/L","Humid","21.184","deg","131505","µV","38.963","°C","1014.000","hPa","36.0","pmil","0","55.560","deg","20.000","°C","100.000","%a.s.","22.340","deg","20.000","°C","962.000","hPa","0.861","-0.02617","0.00035","0","0","13.56","Humid","31.50","0","54.10","284227.20","SABD0002000014","AAV2.0.0.13","3.0.1.1413","PSt7-10","180509-029","9/13/2019 10:47:01 AM","0000-00","0","no battery","V"
"10/22/2019","10:31:39","10","default","328281339","OXY_CH10","8.297","min","129.969","μmol/L","Humid","21.182","deg","131509","µV","38.951","°C","1014.000","hPa","36.0","pmil","0","55.560","deg","20.000","°C","100.000","%a.s.","22.340","deg","20.000","°C","962.000","hPa","0.861","-0.02617","0.00035","0","0","13.56","Humid","31.50","0","54.10","284230.87","SABD0002000014","AAV2.0.0.13","3.0.1.1413","PSt7-10","180509-029","9/13/2019 10:47:01 AM","0000-00","0","no battery","V"
"10/22/2019","10:31:40","10","default","328281339","OXY_CH10","8.314","min","129.912","μmol/L","Humid","21.184","deg","131515","µV","38.957","°C","1014.000","hPa","36.0","pmil","0","55.560","deg","20.000","°C","100.000","%a.s.","22.340","deg","20.000","°C","962.000","hPa","0.861","-0.02617","0.00035","0","0","13.56","Humid","31.50","0","54.10","284231.05","SABD0002000014","AAV2.0.0.13","3.0.1.1413","PSt7-10","180509-029","9/13/2019 10:47:01 AM","0000-00","0","no battery","V"
"10/22/2019","10:31:41","10","default","328281339","OXY_CH10","8.330","min","129.912","μmol/L","Humid","21.187","deg","131502","µV","38.951","°C","1014.000","hPa","36.0","pmil","0","55.560","deg","20.000","°C","100.000","%a.s.","22.340","deg","20.000","°C","962.000","hPa","0.861","-0.02617","0.00035","0","0","13.56","Humid","31.50","0","54.10","284233.95","SABD0002000014","AAV2.0.0.13","3.0.1.1413","PSt7-10","180509-029","9/13/2019 10:47:01 AM","0000-00","0","no battery","V"
"10/22/2019","10:31:42","10","default","328281339","OXY_CH10","8.347","min","129.946","μmol/L","Humid","21.184","deg","131511","µV","38.951","°C","1014.000","hPa","36.0","pmil","0","55.560","deg","20.000","°C","100.000","%a.s.","22.340","deg","20.000","°C","962.000","hPa","0.861","-0.02617","0.00035","0","0","13.56","Humid","31.50","0","54.10","284232.09","SABD0002000014","AAV2.0.0.13","3.0.1.1413","PSt7-10","180509-029","9/13/2019 10:47:01 AM","0000-00","0","no battery","V"
"10/22/2019","10:31:43","10","default","328281339","OXY_CH10","8.364","min","129.958","μmol/L","Humid","21.183","deg","131504","µV","38.951","°C","1014.000","hPa","36.0","pmil","0","55.560","deg","20.000","°C","100.000","%a.s.","22.340","deg","20.000","°C","962.000","hPa","0.861","-0.02617","0.00035","0","0","13.56","Humid","31.50","0","54.10","284229.32","SABD0002000014","AAV2.0.0.13","3.0.1.1413","PSt7-10","180509-029","9/13/2019 10:47:01 AM","0000-00","0","no battery","V"
"10/22/2019","10:31:44","10","default","328281339","OXY_CH10","8.380","min","129.946","μmol/L","Humid","21.184","deg","131506","µV","38.951","°C","1014.000","hPa","36.0","pmil","0","55.560","deg","20.000","°C","100.000","%a.s.","22.340","deg","20.000","°C","962.000","hPa","0.861","-0.02617","0.00035","0","0","13.56","Humid","31.50","0","54.10","284225.33","SABD0002000014","AAV2.0.0.13","3.0.1.1413","PSt7-10","180509-029","9/13/2019 10:47:01 AM","0000-00","0","no battery","V"
"10/22/2019","10:31:45","10","default","328281339","OXY_CH10","8.397","min","129.901","μmol/L","Humid","21.185","deg","131506","µV","38.957","°C","1014.000","hPa","36.0","pmil","0","55.560","deg","20.000","°C","100.000","%a.s.","22.340","deg","20.000","°C","962.000","hPa","0.861","-0.02617","0.00035","0","0","13.56","Humid","31.50","0","54.10","284225.55","SABD0002000014","AAV2.0.0.13","3.0.1.1413","PSt7-10","180509-029","9/13/2019 10:47:01 AM","0000-00","0","no battery","V"
"10/22/2019","10:31:46","10","default","328281339","OXY_CH10","8.414","min","129.878","μmol/L","Humid","21.187","deg","131507","µV","38.957","°C","1014.000","hPa","36.0","pmil","0","55.560","deg","20.000","°C","100.000","%a.s.","22.340","deg","20.000","°C","962.000","hPa","0.861","-0.02617","0.00035","0","0","13.56","Humid","31.50","0","54.10","284230.62","SABD0002000014","AAV2.0.0.13","3.0.1.1413","PSt7-10","180509-029","9/13/2019 10:47:01 AM","0000-00","0","no battery","V"
"10/22/2019","10:31:47","10","default","328281339","OXY_CH10","8.431","min","129.958","μmol/L","Humid","21.183","deg","131510","µV","38.951","°C","1014.000","hPa","36.0","pmil","0","55.560","deg","20.000","°C","100.000","%a.s.","22.340","deg","20.000","°C","962.000","hPa","0.861","-0.02617","0.00035","0","0","13.56","Humid","31.50","0","54.10","284219.82","SABD0002000014","AAV2.0.0.13","3.0.1.1413","PSt7-10","180509-029","9/13/2019 10:47:01 AM","0000-00","0","no battery","V"
"10/22/2019","10:31:48","10","default","328281339","OXY_CH10","8.447","min","129.958","μmol/L","Humid","21.183","deg","131514","µV","38.951","°C","1014.000","hPa","36.0","pmil","0","55.560","deg","20.000","°C","100.000","%a.s.","22.340","deg","20.000","°C","962.000","hPa","0.861","-0.02617","0.00035","0","0","13.56","Humid","31.50","0","54.10","284220.28","SABD0002000014","AAV2.0.0.13","3.0.1.1413","PSt7-10","180509-029","9/13/2019 10:47:01 AM","0000-00","0","no battery","V"
"10/22/2019","10:31:49","10","default","328281339","OXY_CH10","8.464","min","129.878","μmol/L","Humid","21.187","deg","131512","µV","38.957","°C","1014.000","hPa","36.0","pmil","0","55.560","deg","20.000","°C","100.000","%a.s.","22.340","deg","20.000","°C","962.000","hPa","0.861","-0.02617","0.00035","0","0","13.56","Humid","31.50","0","54.10","284225.40","SABD0002000014","AAV2.0.0.13","3.0.1.1413","PSt7-10","180509-029","9/13/2019 10:47:01 AM","0000-00","0","no battery","V"
"10/22/2019","10:31:50","10","default","328281339","OXY_CH10","8.480","min","129.958","μmol/L","Humid","21.183","deg","131511","µV","38.951","°C","1014.000","hPa","36.0","pmil","0","55.560","deg","20.000","°C","100.000","%a.s.","22.340","deg","20.000","°C","962.000","hPa","0.861","-0.02617","0.00035","0","0","13.56","Humid","31.50","0","54.10","284218.25","SABD0002000014","AAV2.0.0.13","3.0.1.1413","PSt7-10","180509-029","9/13/2019 10:47:01 AM","0000-00","0","no battery","V"
"10/22/2019","10:31:51","10","default","328281339","OXY_CH10","8.497","min","129.889","μmol/L","Humid","21.189","deg","131512","µV","38.951","°C","1014.000","hPa","36.0","pmil","0","55.560","deg","20.000","°C","100.000","%a.s.","22.340","deg","20.000","°C","962.000","hPa","0.861","-0.02617","0.00035","0","0","13.56","Humid","31.50","0","54.10","284226.52","SABD0002000014","AAV2.0.0.13","3.0.1.1413","PSt7-10","180509-029","9/13/2019 10:47:01 AM","0000-00","0","no battery","V"
"10/22/2019","10:31:52","10","default","328281339","OXY_CH10","8.514","min","129.912","μmol/L","Humid","21.184","deg","131506","µV","38.957","°C","1014.000","hPa","36.0","pmil","0","55.560","deg","20.000","°C","100.000","%a.s.","22.340","deg","20.000","°C","962.000","hPa","0.861","-0.02617","0.00035","0","0","13.56","Humid","31.50","0","54.10","284213.37","SABD0002000014","AAV2.0.0.13","3.0.1.1413","PSt7-10","180509-029","9/13/2019 10:47:01 AM","0000-00","0","no battery","V"
"10/22/2019","10:31:53","10","default","328281339","OXY_CH10","8.531","min","129.889","μmol/L","Humid","21.189","deg","131522","µV","38.951","°C","1014.000","hPa","36.0","pmil","0","55.560","deg","20.000","°C","100.000","%a.s.","22.340","deg","20.000","°C","962.000","hPa","0.861","-0.02617","0.00035","0","0","13.56","Humid","31.50","0","54.10","284225.02","SABD0002000014","AAV2.0.0.13","3.0.1.1413","PSt7-10","180509-029","9/13/2019 10:47:01 AM","0000-00","0","no battery","V"
"10/22/2019","10:31:54","10","default","328281339","OXY_CH10","8.547","min","129.855","μmol/L","Humid","21.189","deg","131508","µV","38.957","°C","1014.000","hPa","36.0","pmil","0","55.560","deg","20.000","°C","100.000","%a.s.","22.340","deg","20.000","°C","962.000","hPa","0.861","-0.02617","0.00035","0","0","13.56","Humid","31.50","0","54.10","284219.89","SABD0002000014","AAV2.0.0.13","3.0.1.1413","PSt7-10","180509-029","9/13/2019 10:47:01 AM","0000-00","0","no battery","V"
"10/22/2019","10:31:55","10","default","328281339","OXY_CH10","8.564","min","129.820","μmol/L","Humid","21.192","deg","131507","µV","38.957","°C","1014.000","hPa","36.0","pmil","0","55.560","deg","20.000","°C","100.000","%a.s.","22.340","deg","20.000","°C","962.000","hPa","0.861","-0.02617","0.00035","0","0","13.56","Humid","31.50","0","54.10","284223.38","SABD0002000014","AAV2.0.0.13","3.0.1.1413","PSt7-10","180509-029","9/13/2019 10:47:01 AM","0000-00","0","no battery","V"
"10/22/2019","10:31:56","10","default","328281339","OXY_CH10","8.581","min","129.821","μmol/L","Humid","21.189","deg","131518","µV","38.963","°C","1014.000","hPa","36.0","pmil","0","55.560","deg","20.000","°C","100.000","%a.s.","22.340","deg","20.000","°C","962.000","hPa","0.861","-0.02617","0.00035","0","0","13.56","Humid","31.50","0","54.10","284225.27","SABD0002000014","AAV2.0.0.13","3.0.1.1413","PSt7-10","180509-029","9/13/2019 10:47:01 AM","0000-00","0","no battery","V"
"10/22/2019","10:31:57","10","default","328281339","OXY_CH10","8.597","min","129.877","μmol/L","Humid","21.190","deg","131510","µV","38.951","°C","1014.000","hPa","36.0","pmil","0","55.560","deg","20.000","°C","100.000","%a.s.","22.340","deg","20.000","°C","962.000","hPa","0.861","-0.02617","0.00035","0","0","13.56","Humid","31.50","0","54.10","284215.97","SABD0002000014","AAV2.0.0.13","3.0.1.1413","PSt7-10","180509-029","9/13/2019 10:47:01 AM","0000-00","0","no battery","V"
"10/22/2019","10:31:58","10","default","328281339","OXY_CH10","8.614","min","129.889","μmol/L","Humid","21.189","deg","131517","µV","38.951","°C","1014.000","hPa","36.0","pmil","0","55.560","deg","20.000","°C","100.000","%a.s.","22.340","deg","20.000","°C","962.000","hPa","0.861","-0.02617","0.00035","0","0","13.56","Humid","31.50","0","54.10","284228.96","SABD0002000014","AAV2.0.0.13","3.0.1.1413","PSt7-10","180509-029","9/13/2019 10:47:01 AM","0000-00","0","no battery","V"
"10/22/2019","10:31:59","10","default","328281339","OXY_CH10","8.630","min","129.832","μmol/L","Humid","21.191","deg","131521","µV","38.957","°C","1014.000","hPa","36.0","pmil","0","55.560","deg","20.000","°C","100.000","%a.s.","22.340","deg","20.000","°C","962.000","hPa","0.861","-0.02617","0.00035","0","0","13.56","Humid","31.50","0","54.10","284221.30","SABD0002000014","AAV2.0.0.13","3.0.1.1413","PSt7-10","180509-029","9/13/2019 10:47:01 AM","0000-00","0","no battery","V"
"10/22/2019","10:32:00","10","default","328281339","OXY_CH10","8.647","min","129.832","μmol/L","Humid","21.191","deg","131517","µV","38.957","°C","1014.000","hPa","36.0","pmil","0","55.560","deg","20.000","°C","100.000","%a.s.","22.340","deg","20.000","°C","962.000","hPa","0.861","-0.02617","0.00035","0","0","13.56","Humid","31.50","0","54.10","284209.36","SABD0002000014","AAV2.0.0.13","3.0.1.1413","PSt7-10","180509-029","9/13/2019 10:47:01 AM","0000-00","0","no battery","V"
"10/22/2019","10:32:01","10","default","328281339","OXY_CH10","8.664","min","129.854","μmol/L","Humid","21.192","deg","131518","µV","38.951","°C","1014.000","hPa","36.0","pmil","0","55.560","deg","20.000","°C","100.000","%a.s.","22.340","deg","20.000","°C","962.000","hPa","0.861","-0.02617","0.00035","0","0","13.56","Humid","31.50","0","54.10","284211.24","SABD0002000014","AAV2.0.0.13","3.0.1.1413","PSt7-10","180509-029","9/13/2019 10:47:01 AM","0000-00","0","no battery","V"
"10/22/2019","10:32:02","10","default","328281339","OXY_CH10","8.680","min","129.912","μmol/L","Humid","21.187","deg","131525","µV","38.951","°C","1014.000","hPa","36.0","pmil","0","55.560","deg","20.000","°C","100.000","%a.s.","22.340","deg","20.000","°C","962.000","hPa","0.861","-0.02617","0.00035","0","0","13.56","Humid","31.50","0","54.10","284211.94","SABD0002000014","AAV2.0.0.13","3.0.1.1413","PSt7-10","180509-029","9/13/2019 10:47:01 AM","0000-00","0","no battery","V"
"10/22/2019","10:32:03","10","default","328281339","OXY_CH10","8.697","min","129.843","μmol/L","Humid","21.190","deg","131521","µV","38.957","°C","1014.000","hPa","36.0","pmil","0","55.560","deg","20.000","°C","100.000","%a.s.","22.340","deg","20.000","°C","962.000","hPa","0.861","-0.02617","0.00035","0","0","13.56","Humid","31.50","0","54.10","284216.84","SABD0002000014","AAV2.0.0.13","3.0.1.1413","PSt7-10","180509-029","9/13/2019 10:47:01 AM","0000-00","0","no battery","V"
"10/22/2019","10:32:04","10","default","328281339","OXY_CH10","8.715","min","129.809","μmol/L","Humid","21.193","deg","131518","µV","38.957","°C","1014.000","hPa","36.0","pmil","0","55.560","deg","20.000","°C","100.000","%a.s.","22.340","deg","20.000","°C","962.000","hPa","0.861","-0.02617","0.00035","0","0","13.56","Humid","31.50","0","54.10","284216.37","SABD0002000014","AAV2.0.0.13","3.0.1.1413","PSt7-10","180509-029","9/13/2019 10:47:01 AM","0000-00","0","no battery","V"
"10/22/2019","10:32:05","10","default","328281339","OXY_CH10","8.730","min","129.911","μmol/L","Humid","21.190","deg","131513","µV","38.945","°C","1014.000","hPa","36.0","pmil","0","55.560","deg","20.000","°C","100.000","%a.s.","22.340","deg","20.000","°C","962.000","hPa","0.861","-0.02617","0.00035","0","0","13.56","Humid","31.50","0","54.10","284196.90","SABD0002000014","AAV2.0.0.13","3.0.1.1413","PSt7-10","180509-029","9/13/2019 10:47:01 AM","0000-00","0","no battery","V"
"10/22/2019","10:32:06","10","default","328281339","OXY_CH10","8.747","min","129.820","μmol/L","Humid","21.195","deg","131516","µV","38.951","°C","1014.000","hPa","36.0","pmil","0","55.560","deg","20.000","°C","100.000","%a.s.","22.340","deg","20.000","°C","962.000","hPa","0.861","-0.02617","0.00035","0","0","13.56","Humid","31.50","0","54.10","284209.94","SABD0002000014","AAV2.0.0.13","3.0.1.1413","PSt7-10","180509-029","9/13/2019 10:47:01 AM","0000-00","0","no battery","V"
"10/22/2019","10:32:07","10","default","328281339","OXY_CH10","8.764","min","129.866","μmol/L","Humid","21.191","deg","131516","µV","38.951","°C","1014.000","hPa","36.0","pmil","0","55.560","deg","20.000","°C","100.000","%a.s.","22.340","deg","20.000","°C","962.000","hPa","0.861","-0.02617","0.00035","0","0","13.56","Humid","31.50","0","54.10","284201.78","SABD0002000014","AAV2.0.0.13","3.0.1.1413","PSt7-10","180509-029","9/13/2019 10:47:01 AM","0000-00","0","no battery","V"
"10/22/2019","10:32:08","10","default","328281339","OXY_CH10","8.781","min","129.866","μmol/L","Humid","21.191","deg","131516","µV","38.951","°C","1014.000","hPa","36.0","pmil","0","55.560","deg","20.000","°C","100.000","%a.s.","22.340","deg","20.000","°C","962.000","hPa","0.861","-0.02617","0.00035","0","0","13.56","Humid","31.50","0","54.10","284212.14","SABD0002000014","AAV2.0.0.13","3.0.1.1413","PSt7-10","180509-029","9/13/2019 10:47:01 AM","0000-00","0","no battery","V"
"10/22/2019","10:32:09","10","default","328281339","OXY_CH10","8.797","min","129.900","μmol/L","Humid","21.191","deg","131509","µV","38.945","°C","1014.000","hPa","36.0","pmil","0","55.560","deg","20.000","°C","100.000","%a.s.","22.340","deg","20.000","°C","962.000","hPa","0.861","-0.02617","0.00035","0","0","13.56","Humid","31.50","0","54.10","284210.06","SABD0002000014","AAV2.0.0.13","3.0.1.1413","PSt7-10","180509-029","9/13/2019 10:47:01 AM","0000-00","0","no battery","V"
"10/22/2019","10:32:10","10","default","328281339","OXY_CH10","8.814","min","129.855","μmol/L","Humid","21.189","deg","131509","µV","38.957","°C","1014.000","hPa","36.0","pmil","0","55.560","deg","20.000","°C","100.000","%a.s.","22.340","deg","20.000","°C","962.000","hPa","0.861","-0.02617","0.00035","0","0","13.56","Humid","31.50","0","54.10","284207.22","SABD0002000014","AAV2.0.0.13","3.0.1.1413","PSt7-10","180509-029","9/13/2019 10:47:01 AM","0000-00","0","no battery","V"
"10/22/2019","10:32:11","10","default","328281339","OXY_CH10","8.831","min","129.866","μmol/L","Humid","21.191","deg","131514","µV","38.951","°C","1014.000","hPa","36.0","pmil","0","55.560","deg","20.000","°C","100.000","%a.s.","22.340","deg","20.000","°C","962.000","hPa","0.861","-0.02617","0.00035","0","0","13.56","Humid","31.50","0","54.10","284202.22","SABD0002000014","AAV2.0.0.13","3.0.1.1413","PSt7-10","180509-029","9/13/2019 10:47:01 AM","0000-00","0","no battery","V"
"10/22/2019","10:32:12","10","default","328281339","OXY_CH10","8.847","min","129.797","μmol/L","Humid","21.194","deg","131508","µV","38.957","°C","1014.000","hPa","36.0","pmil","0","55.560","deg","20.000","°C","100.000","%a.s.","22.340","deg","20.000","°C","962.000","hPa","0.861","-0.02617","0.00035","0","0","13.56","Humid","31.50","0","54.10","284205.64","SABD0002000014","AAV2.0.0.13","3.0.1.1413","PSt7-10","180509-029","9/13/2019 10:47:01 AM","0000-00","0","no battery","V"
"10/22/2019","10:32:13","10","default","328281339","OXY_CH10","8.864","min","129.820","μmol/L","Humid","21.195","deg","131512","µV","38.951","°C","1014.000","hPa","36.0","pmil","0","55.560","deg","20.000","°C","100.000","%a.s.","22.340","deg","20.000","°C","962.000","hPa","0.861","-0.02617","0.00035","0","0","13.56","Humid","31.50","0","54.10","284224.76","SABD0002000014","AAV2.0.0.13","3.0.1.1413","PSt7-10","180509-029","9/13/2019 10:47:01 AM","0000-00","0","no battery","V"
"10/22/2019","10:32:14","10","default","328281339","OXY_CH10","8.881","min","129.889","μmol/L","Humid","21.189","deg","131512","µV","38.951","°C","1014.000","hPa","36.0","pmil","0","55.560","deg","20.000","°C","100.000","%a.s.","22.340","deg","20.000","°C","962.000","hPa","0.861","-0.02617","0.00035","0","0","13.56","Humid","31.50","0","54.10","284205.86","SABD0002000014","AAV2.0.0.13","3.0.1.1413","PSt7-10","180509-029","9/13/2019 10:47:01 AM","0000-00","0","no battery","V"
"10/22/2019","10:32:15","10","default","328281339","OXY_CH10","8.897","min","129.900","μmol/L","Humid","21.191","deg","131512","µV","38.945","°C","1014.000","hPa","36.0","pmil","0","55.560","deg","20.000","°C","100.000","%a.s.","22.340","deg","20.000","°C","962.000","hPa","0.861","-0.02617","0.00035","0","0","13.56","Humid","31.50","0","54.10","284209.47","SABD0002000014","AAV2.0.0.13","3.0.1.1413","PSt7-10","180509-029","9/13/2019 10:47:01 AM","0000-00","0","no battery","V"
"10/22/2019","10:32:16","10","default","328281339","OXY_CH10","8.914","min","129.866","μmol/L","Humid","21.191","deg","131505","µV","38.951","°C","1014.000","hPa","36.0","pmil","0","55.560","deg","20.000","°C","100.000","%a.s.","22.340","deg","20.000","°C","962.000","hPa","0.861","-0.02617","0.00035","0","0","13.56","Humid","31.50","0","54.10","284211.02","SABD0002000014","AAV2.0.0.13","3.0.1.1413","PSt7-10","180509-029","9/13/2019 10:47:01 AM","0000-00","0","no battery","V"
"10/22/2019","10:32:17","10","default","328281339","OXY_CH10","8.932","min","129.831","μmol/L","Humid","21.194","deg","131520","µV","38.951","°C","1014.000","hPa","36.0","pmil","0","55.560","deg","20.000","°C","100.000","%a.s.","22.340","deg","20.000","°C","962.000","hPa","0.861","-0.02617","0.00035","0","0","13.56","Humid","31.50","0","54.10","284209.14","SABD0002000014","AAV2.0.0.13","3.0.1.1413","PSt7-10","180509-029","9/13/2019 10:47:01 AM","0000-00","0","no battery","V"
"10/22/2019","10:32:18","10","default","328281339","OXY_CH10","8.947","min","129.786","μmol/L","Humid","21.195","deg","131521","µV","38.957","°C","1014.000","hPa","36.0","pmil","0","55.560","deg","20.000","°C","100.000","%a.s.","22.340","deg","20.000","°C","962.000","hPa","0.861","-0.02617","0.00035","0","0","13.56","Humid","31.50","0","54.10","284200.76","SABD0002000014","AAV2.0.0.13","3.0.1.1413","PSt7-10","180509-029","9/13/2019 10:47:01 AM","0000-00","0","no battery","V"
"10/22/2019","10:32:19","10","default","328281339","OXY_CH10","8.964","min","129.877","μmol/L","Humid","21.190","deg","131514","µV","38.951","°C","1014.000","hPa","36.0","pmil","0","55.560","deg","20.000","°C","100.000","%a.s.","22.340","deg","20.000","°C","962.000","hPa","0.861","-0.02617","0.00035","0","0","13.56","Humid","31.50","0","54.10","284198.19","SABD0002000014","AAV2.0.0.13","3.0.1.1413","PSt7-10","180509-029","9/13/2019 10:47:01 AM","0000-00","0","no battery","V"
"10/22/2019","10:32:20","10","default","328281339","OXY_CH10","8.981","min","129.854","μmol/L","Humid","21.192","deg","131515","µV","38.951","°C","1014.000","hPa","36.0","pmil","0","55.560","deg","20.000","°C","100.000","%a.s.","22.340","deg","20.000","°C","962.000","hPa","0.861","-0.02617","0.00035","0","0","13.56","Humid","31.50","0","54.10","284199.50","SABD0002000014","AAV2.0.0.13","3.0.1.1413","PSt7-10","180509-029","9/13/2019 10:47:01 AM","0000-00","0","no battery","V"
"10/22/2019","10:32:21","10","default","328281339","OXY_CH10","8.997","min","129.865","μmol/L","Humid","21.194","deg","131516","µV","38.945","°C","1014.000","hPa","36.0","pmil","0","55.560","deg","20.000","°C","100.000","%a.s.","22.340","deg","20.000","°C","962.000","hPa","0.861","-0.02617","0.00035","0","0","13.56","Humid","31.50","0","54.10","284205.86","SABD0002000014","AAV2.0.0.13","3.0.1.1413","PSt7-10","180509-029","9/13/2019 10:47:01 AM","0000-00","0","no battery","V"
"10/22/2019","10:32:22","10","default","328281339","OXY_CH10","9.014","min","129.865","μmol/L","Humid","21.194","deg","131502","µV","38.945","°C","1014.000","hPa","36.0","pmil","0","55.560","deg","20.000","°C","100.000","%a.s.","22.340","deg","20.000","°C","962.000","hPa","0.861","-0.02617","0.00035","0","0","13.56","Humid","31.50","0","54.10","284191.52","SABD0002000014","AAV2.0.0.13","3.0.1.1413","PSt7-10","180509-029","9/13/2019 10:47:01 AM","0000-00","0","no battery","V"
"10/22/2019","10:32:23","10","default","328281339","OXY_CH10","9.031","min","129.888","μmol/L","Humid","21.192","deg","131515","µV","38.945","°C","1014.000","hPa","36.0","pmil","0","55.560","deg","20.000","°C","100.000","%a.s.","22.340","deg","20.000","°C","962.000","hPa","0.861","-0.02617","0.00035","0","0","13.56","Humid","31.50","0","54.10","284187.96","SABD0002000014","AAV2.0.0.13","3.0.1.1413","PSt7-10","180509-029","9/13/2019 10:47:01 AM","0000-00","0","no battery","V"
"10/22/2019","10:32:24","10","default","328281339","OXY_CH10","9.047","min","129.888","μmol/L","Humid","21.192","deg","131513","µV","38.945","°C","1014.000","hPa","36.0","pmil","0","55.560","deg","20.000","°C","100.000","%a.s.","22.340","deg","20.000","°C","962.000","hPa","0.861","-0.02617","0.00035","0","0","13.56","Humid","31.50","0","54.10","284192.05","SABD0002000014","AAV2.0.0.13","3.0.1.1413","PSt7-10","180509-029","9/13/2019 10:47:01 AM","0000-00","0","no battery","V"
"10/22/2019","10:32:25","10","default","328281339","OXY_CH10","9.064","min","129.797","μmol/L","Humid","21.194","deg","131514","µV","38.957","°C","1014.000","hPa","36.0","pmil","0","55.560","deg","20.000","°C","100.000","%a.s.","22.340","deg","20.000","°C","962.000","hPa","0.861","-0.02617","0.00035","0","0","13.56","Humid","31.50","0","54.10","284187.92","SABD0002000014","AAV2.0.0.13","3.0.1.1413","PSt7-10","180509-029","9/13/2019 10:47:01 AM","0000-00","0","no battery","V"
"10/22/2019","10:32:26","10","default","328281339","OXY_CH10","9.081","min","129.820","μmol/L","Humid","21.195","deg","131517","µV","38.951","°C","1014.000","hPa","36.0","pmil","0","55.560","deg","20.000","°C","100.000","%a.s.","22.340","deg","20.000","°C","962.000","hPa","0.861","-0.02617","0.00035","0","0","13.56","Humid","31.50","0","54.10","284188.62","SABD0002000014","AAV2.0.0.13","3.0.1.1413","PSt7-10","180509-029","9/13/2019 10:47:01 AM","0000-00","0","no battery","V"
"10/22/2019","10:32:27","10","default","328281339","OXY_CH10","9.097","min","129.877","μmol/L","Humid","21.193","deg","131520","µV","38.945","°C","1014.000","hPa","36.0","pmil","0","55.560","deg","20.000","°C","100.000","%a.s.","22.340","deg","20.000","°C","962.000","hPa","0.861","-0.02617","0.00035","0","0","13.56","Humid","31.50","0","54.10","284197.57","SABD0002000014","AAV2.0.0.13","3.0.1.1413","PSt7-10","180509-029","9/13/2019 10:47:01 AM","0000-00","0","no battery","V"
"10/22/2019","10:32:28","10","default","328281339","OXY_CH10","9.114","min","129.797","μmol/L","Humid","21.197","deg","131523","µV","38.951","°C","1014.000","hPa","36.0","pmil","0","55.560","deg","20.000","°C","100.000","%a.s.","22.340","deg","20.000","°C","962.000","hPa","0.861","-0.02617","0.00035","0","0","13.56","Humid","31.50","0","54.10","284203.44","SABD0002000014","AAV2.0.0.13","3.0.1.1413","PSt7-10","180509-029","9/13/2019 10:47:01 AM","0000-00","0","no battery","V"
"10/22/2019","10:32:29","10","default","328281339","OXY_CH10","9.130","min","129.785","μmol/L","Humid","21.198","deg","131523","µV","38.951","°C","1014.000","hPa","36.0","pmil","0","55.560","deg","20.000","°C","100.000","%a.s.","22.340","deg","20.000","°C","962.000","hPa","0.861","-0.02617","0.00035","0","0","13.56","Humid","31.50","0","54.10","284190.54","SABD0002000014","AAV2.0.0.13","3.0.1.1413","PSt7-10","180509-029","9/13/2019 10:47:01 AM","0000-00","0","no battery","V"
"10/22/2019","10:32:30","10","default","328281339","OXY_CH10","9.147","min","129.831","μmol/L","Humid","21.197","deg","131527","µV","38.945","°C","1014.000","hPa","36.0","pmil","0","55.560","deg","20.000","°C","100.000","%a.s.","22.340","deg","20.000","°C","962.000","hPa","0.861","-0.02617","0.00035","0","0","13.56","Humid","31.50","0","54.10","284196.89","SABD0002000014","AAV2.0.0.13","3.0.1.1413","PSt7-10","180509-029","9/13/2019 10:47:01 AM","0000-00","0","no battery","V"
"10/22/2019","10:32:31","10","default","328281339","OXY_CH10","9.164","min","129.820","μmol/L","Humid","21.195","deg","131518","µV","38.951","°C","1014.000","hPa","36.0","pmil","0","55.560","deg","20.000","°C","100.000","%a.s.","22.340","deg","20.000","°C","962.000","hPa","0.861","-0.02617","0.00035","0","0","13.56","Humid","31.50","0","54.10","284189.61","SABD0002000014","AAV2.0.0.13","3.0.1.1413","PSt7-10","180509-029","9/13/2019 10:47:01 AM","0000-00","0","no battery","V"
"10/22/2019","10:32:32","10","default","328281339","OXY_CH10","9.180","min","129.797","μmol/L","Humid","21.197","deg","131524","µV","38.951","°C","1014.000","hPa","36.0","pmil","0","55.560","deg","20.000","°C","100.000","%a.s.","22.340","deg","20.000","°C","962.000","hPa","0.861","-0.02617","0.00035","0","0","13.56","Humid","31.50","0","54.10","284184.30","SABD0002000014","AAV2.0.0.13","3.0.1.1413","PSt7-10","180509-029","9/13/2019 10:47:01 AM","0000-00","0","no battery","V"
"10/22/2019","10:32:33","10","default","328281339","OXY_CH10","9.197","min","129.728","μmol/L","Humid","21.200","deg","131536","µV","38.957","°C","1014.000","hPa","36.0","pmil","0","55.560","deg","20.000","°C","100.000","%a.s.","22.340","deg","20.000","°C","962.000","hPa","0.861","-0.02617","0.00035","0","0","13.56","Humid","31.50","0","54.10","284187.43","SABD0002000014","AAV2.0.0.13","3.0.1.1413","PSt7-10","180509-029","9/13/2019 10:47:01 AM","0000-00","0","no battery","V"
"10/22/2019","10:32:34","10","default","328281339","OXY_CH10","9.213","min","129.797","μmol/L","Humid","21.197","deg","131525","µV","38.951","°C","1014.000","hPa","36.0","pmil","0","55.560","deg","20.000","°C","100.000","%a.s.","22.340","deg","20.000","°C","962.000","hPa","0.861","-0.02617","0.00035","0","0","13.56","Humid","31.50","0","54.10","284189.31","SABD0002000014","AAV2.0.0.13","3.0.1.1413","PSt7-10","180509-029","9/13/2019 10:47:01 AM","0000-00","0","no battery","V"
"10/22/2019","10:32:35","10","default","328281339","OXY_CH10","9.231","min","129.831","μmol/L","Humid","21.197","deg","131529","µV","38.945","°C","1014.000","hPa","36.0","pmil","0","55.560","deg","20.000","°C","100.000","%a.s.","22.340","deg","20.000","°C","962.000","hPa","0.861","-0.02617","0.00035","0","0","13.56","Humid","31.50","0","54.10","284185.34","SABD0002000014","AAV2.0.0.13","3.0.1.1413","PSt7-10","180509-029","9/13/2019 10:47:01 AM","0000-00","0","no battery","V"
"10/22/2019","10:32:36","10","default","328281339","OXY_CH10","9.247","min","129.797","μmol/L","Humid","21.200","deg","131526","µV","38.945","°C","1014.000","hPa","36.0","pmil","0","55.560","deg","20.000","°C","100.000","%a.s.","22.340","deg","20.000","°C","962.000","hPa","0.861","-0.02617","0.00035","0","0","13.56","Humid","31.50","0","54.10","284185.80","SABD0002000014","AAV2.0.0.13","3.0.1.1413","PSt7-10","180509-029","9/13/2019 10:47:01 AM","0000-00","0","no battery","V"
"10/22/2019","10:32:37","10","default","328281339","OXY_CH10","9.264","min","129.763","μmol/L","Humid","21.197","deg","131529","µV","38.957","°C","1014.000","hPa","36.0","pmil","0","55.560","deg","20.000","°C","100.000","%a.s.","22.340","deg","20.000","°C","962.000","hPa","0.861","-0.02617","0.00035","0","0","13.56","Humid","31.50","0","54.10","284186.08","SABD0002000014","AAV2.0.0.13","3.0.1.1413","PSt7-10","180509-029","9/13/2019 10:47:01 AM","0000-00","0","no battery","V"
"10/22/2019","10:32:38","10","default","328281339","OXY_CH10","9.280","min","129.785","μmol/L","Humid","21.201","deg","131523","µV","38.945","°C","1014.000","hPa","36.0","pmil","0","55.560","deg","20.000","°C","100.000","%a.s.","22.340","deg","20.000","°C","962.000","hPa","0.861","-0.02617","0.00035","0","0","13.56","Humid","31.50","0","54.10","284177.72","SABD0002000014","AAV2.0.0.13","3.0.1.1413","PSt7-10","180509-029","9/13/2019 10:47:01 AM","0000-00","0","no battery","V"
"10/22/2019","10:32:39","10","default","328281339","OXY_CH10","9.298","min","129.797","μmol/L","Humid","21.200","deg","131533","µV","38.945","°C","1014.000","hPa","36.0","pmil","0","55.560","deg","20.000","°C","100.000","%a.s.","22.340","deg","20.000","°C","962.000","hPa","0.861","-0.02617","0.00035","0","0","13.56","Humid","31.50","0","54.10","284188.46","SABD0002000014","AAV2.0.0.13","3.0.1.1413","PSt7-10","180509-029","9/13/2019 10:47:01 AM","0000-00","0","no battery","V"
"10/22/2019","10:32:40","10","default","328281339","OXY_CH10","9.314","min","129.774","μmol/L","Humid","21.199","deg","131529","µV","38.951","°C","1014.000","hPa","36.0","pmil","0","55.560","deg","20.000","°C","100.000","%a.s.","22.340","deg","20.000","°C","962.000","hPa","0.861","-0.02617","0.00035","0","0","13.56","Humid","31.50","0","54.10","284173.96","SABD0002000014","AAV2.0.0.13","3.0.1.1413","PSt7-10","180509-029","9/13/2019 10:47:01 AM","0000-00","0","no battery","V"
"10/22/2019","10:32:41","10","default","328281339","OXY_CH10","9.330","min","129.831","μmol/L","Humid","21.197","deg","131523","µV","38.945","°C","1014.000","hPa","36.0","pmil","0","55.560","deg","20.000","°C","100.000","%a.s.","22.340","deg","20.000","°C","962.000","hPa","0.861","-0.02617","0.00035","0","0","13.56","Humid","31.50","0","54.10","284180.52","SABD0002000014","AAV2.0.0.13","3.0.1.1413","PSt7-10","180509-029","9/13/2019 10:47:01 AM","0000-00","0","no battery","V"
"10/22/2019","10:32:42","10","default","328281339","OXY_CH10","9.347","min","129.831","μmol/L","Humid","21.197","deg","131530","µV","38.945","°C","1014.000","hPa","36.0","pmil","0","55.560","deg","20.000","°C","100.000","%a.s.","22.340","deg","20.000","°C","962.000","hPa","0.861","-0.02617","0.00035","0","0","13.56","Humid","31.50","0","54.10","284188.46","SABD0002000014","AAV2.0.0.13","3.0.1.1413","PSt7-10","180509-029","9/13/2019 10:47:01 AM","0000-00","0","no battery","V"
"10/22/2019","10:32:43","10","default","328281339","OXY_CH10","9.364","min","129.762","μmol/L","Humid","21.203","deg","131534","µV","38.945","°C","1014.000","hPa","36.0","pmil","0","55.560","deg","20.000","°C","100.000","%a.s.","22.340","deg","20.000","°C","962.000","hPa","0.861","-0.02617","0.00035","0","0","13.56","Humid","31.50","0","54.10","284187.78","SABD0002000014","AAV2.0.0.13","3.0.1.1413","PSt7-10","180509-029","9/13/2019 10:47:01 AM","0000-00","0","no battery","V"
"10/22/2019","10:32:44","10","default","328281339","OXY_CH10","9.381","min","129.797","μmol/L","Humid","21.200","deg","131533","µV","38.945","°C","1014.000","hPa","36.0","pmil","0","55.560","deg","20.000","°C","100.000","%a.s.","22.340","deg","20.000","°C","962.000","hPa","0.861","-0.02617","0.00035","0","0","13.56","Humid","31.50","0","54.10","284187.09","SABD0002000014","AAV2.0.0.13","3.0.1.1413","PSt7-10","180509-029","9/13/2019 10:47:01 AM","0000-00","0","no battery","V"
"10/22/2019","10:32:45","10","default","328281339","OXY_CH10","9.398","min","129.774","μmol/L","Humid","21.202","deg","131531","µV","38.945","°C","1014.000","hPa","36.0","pmil","0","55.560","deg","20.000","°C","100.000","%a.s.","22.340","deg","20.000","°C","962.000","hPa","0.861","-0.02617","0.00035","0","0","13.56","Humid","31.50","0","54.10","284189.36","SABD0002000014","AAV2.0.0.13","3.0.1.1413","PSt7-10","180509-029","9/13/2019 10:47:01 AM","0000-00","0","no battery","V"
"10/22/2019","10:32:46","10","default","328281339","OXY_CH10","9.414","min","129.785","μmol/L","Humid","21.201","deg","131533","µV","38.945","°C","1014.000","hPa","36.0","pmil","0","55.560","deg","20.000","°C","100.000","%a.s.","22.340","deg","20.000","°C","962.000","hPa","0.861","-0.02617","0.00035","0","0","13.56","Humid","31.50","0","54.10","284187.31","SABD0002000014","AAV2.0.0.13","3.0.1.1413","PSt7-10","180509-029","9/13/2019 10:47:01 AM","0000-00","0","no battery","V"
"10/22/2019","10:32:47","10","default","328281339","OXY_CH10","9.431","min","129.774","μmol/L","Humid","21.202","deg","131528","µV","38.945","°C","1014.000","hPa","36.0","pmil","0","55.560","deg","20.000","°C","100.000","%a.s.","22.340","deg","20.000","°C","962.000","hPa","0.861","-0.02617","0.00035","0","0","13.56","Humid","31.50","0","54.10","284178.49","SABD0002000014","AAV2.0.0.13","3.0.1.1413","PSt7-10","180509-029","9/13/2019 10:47:01 AM","0000-00","0","no battery","V"
"10/22/2019","10:32:48","10","default","328281339","OXY_CH10","9.447","min","129.831","μmol/L","Humid","21.200","deg","131529","µV","38.938","°C","1014.000","hPa","36.0","pmil","0","55.560","deg","20.000","°C","100.000","%a.s.","22.340","deg","20.000","°C","962.000","hPa","0.861","-0.02617","0.00035","0","0","13.56","Humid","31.50","0","54.10","284177.09","SABD0002000014","AAV2.0.0.13","3.0.1.1413","PSt7-10","180509-029","9/13/2019 10:47:01 AM","0000-00","0","no battery","V"
"10/22/2019","10:32:49","10","default","328281339","OXY_CH10","9.464","min","129.797","μmol/L","Humid","21.200","deg","131525","µV","38.945","°C","1014.000","hPa","36.0","pmil","0","55.560","deg","20.000","°C","100.000","%a.s.","22.340","deg","20.000","°C","962.000","hPa","0.861","-0.02617","0.00035","0","0","13.56","Humid","31.50","0","54.10","284174.86","SABD0002000014","AAV2.0.0.13","3.0.1.1413","PSt7-10","180509-029","9/13/2019 10:47:01 AM","0000-00","0","no battery","V"
"10/22/2019","10:32:50","10","default","328281339","OXY_CH10","9.480","min","129.751","μmol/L","Humid","21.204","deg","131532","µV","38.945","°C","1014.000","hPa","36.0","pmil","0","55.560","deg","20.000","°C","100.000","%a.s.","22.340","deg","20.000","°C","962.000","hPa","0.861","-0.02617","0.00035","0","0","13.56","Humid","31.50","0","54.10","284174.31","SABD0002000014","AAV2.0.0.13","3.0.1.1413","PSt7-10","180509-029","9/13/2019 10:47:01 AM","0000-00","0","no battery","V"
"10/22/2019","10:32:51","10","default","328281339","OXY_CH10","9.497","min","129.831","μmol/L","Humid","21.200","deg","131532","µV","38.938","°C","1014.000","hPa","36.0","pmil","0","55.560","deg","20.000","°C","100.000","%a.s.","22.340","deg","20.000","°C","962.000","hPa","0.861","-0.02617","0.00035","0","0","13.56","Humid","31.50","0","54.10","284177.78","SABD0002000014","AAV2.0.0.13","3.0.1.1413","PSt7-10","180509-029","9/13/2019 10:47:01 AM","0000-00","0","no battery","V"
"10/22/2019","10:32:52","10","default","328281339","OXY_CH10","9.514","min","129.739","μmol/L","Humid","21.205","deg","131536","µV","38.945","°C","1014.000","hPa","36.0","pmil","0","55.560","deg","20.000","°C","100.000","%a.s.","22.340","deg","20.000","°C","962.000","hPa","0.861","-0.02617","0.00035","0","0","13.56","Humid","31.50","0","54.10","284173.93","SABD0002000014","AAV2.0.0.13","3.0.1.1413","PSt7-10","180509-029","9/13/2019 10:47:01 AM","0000-00","0","no battery","V"
"10/22/2019","10:32:53","10","default","328281339","OXY_CH10","9.530","min","129.739","μmol/L","Humid","21.205","deg","131532","µV","38.945","°C","1014.000","hPa","36.0","pmil","0","55.560","deg","20.000","°C","100.000","%a.s.","22.340","deg","20.000","°C","962.000","hPa","0.861","-0.02617","0.00035","0","0","13.56","Humid","31.50","0","54.10","284184.38","SABD0002000014","AAV2.0.0.13","3.0.1.1413","PSt7-10","180509-029","9/13/2019 10:47:01 AM","0000-00","0","no battery","V"
"10/22/2019","10:32:54","10","default","328281339","OXY_CH10","9.547","min","129.740","μmol/L","Humid","21.202","deg","131526","µV","38.951","°C","1014.000","hPa","36.0","pmil","0","55.560","deg","20.000","°C","100.000","%a.s.","22.340","deg","20.000","°C","962.000","hPa","0.861","-0.02617","0.00035","0","0","13.56","Humid","31.50","0","54.10","284159.42","SABD0002000014","AAV2.0.0.13","3.0.1.1413","PSt7-10","180509-029","9/13/2019 10:47:01 AM","0000-00","0","no battery","V"
"10/22/2019","10:32:55","10","default","328281339","OXY_CH10","9.564","min","129.785","μmol/L","Humid","21.204","deg","131527","µV","38.938","°C","1014.000","hPa","36.0","pmil","0","55.560","deg","20.000","°C","100.000","%a.s.","22.340","deg","20.000","°C","962.000","hPa","0.861","-0.02617","0.00035","0","0","13.56","Humid","31.50","0","54.10","284168.21","SABD0002000014","AAV2.0.0.13","3.0.1.1413","PSt7-10","180509-029","9/13/2019 10:47:01 AM","0000-00","0","no battery","V"
"10/22/2019","10:32:56","10","default","328281339","OXY_CH10","9.580","min","129.785","μmol/L","Humid","21.204","deg","131530","µV","38.938","°C","1014.000","hPa","36.0","pmil","0","55.560","deg","20.000","°C","100.000","%a.s.","22.340","deg","20.000","°C","962.000","hPa","0.861","-0.02617","0.00035","0","0","13.56","Humid","31.50","0","54.10","284171.93","SABD0002000014","AAV2.0.0.13","3.0.1.1413","PSt7-10","180509-029","9/13/2019 10:47:01 AM","0000-00","0","no battery","V"
"10/22/2019","10:32:57","10","default","328281339","OXY_CH10","9.597","min","129.796","μmol/L","Humid","21.203","deg","131533","µV","38.938","°C","1014.000","hPa","36.0","pmil","0","55.560","deg","20.000","°C","100.000","%a.s.","22.340","deg","20.000","°C","962.000","hPa","0.861","-0.02617","0.00035","0","0","13.56","Humid","31.50","0","54.10","284167.42","SABD0002000014","AAV2.0.0.13","3.0.1.1413","PSt7-10","180509-029","9/13/2019 10:47:01 AM","0000-00","0","no battery","V"
"10/22/2019","10:32:58","10","default","328281339","OXY_CH10","9.614","min","129.762","μmol/L","Humid","21.203","deg","131539","µV","38.945","°C","1014.000","hPa","36.0","pmil","0","55.560","deg","20.000","°C","100.000","%a.s.","22.340","deg","20.000","°C","962.000","hPa","0.861","-0.02617","0.00035","0","0","13.56","Humid","31.50","0","54.10","284167.92","SABD0002000014","AAV2.0.0.13","3.0.1.1413","PSt7-10","180509-029","9/13/2019 10:47:01 AM","0000-00","0","no battery","V"
"10/22/2019","10:32:59","10","default","328281339","OXY_CH10","9.630","min","129.785","μmol/L","Humid","21.204","deg","131536","µV","38.938","°C","1014.000","hPa","36.0","pmil","0","55.560","deg","20.000","°C","100.000","%a.s.","22.340","deg","20.000","°C","962.000","hPa","0.861","-0.02617","0.00035","0","0","13.56","Humid","31.50","0","54.10","284166.15","SABD0002000014","AAV2.0.0.13","3.0.1.1413","PSt7-10","180509-029","9/13/2019 10:47:01 AM","0000-00","0","no battery","V"
"10/22/2019","10:33:00","10","default","328281339","OXY_CH10","9.647","min","129.819","μmol/L","Humid","21.204","deg","131535","µV","38.932","°C","1014.000","hPa","36.0","pmil","0","55.560","deg","20.000","°C","100.000","%a.s.","22.340","deg","20.000","°C","962.000","hPa","0.861","-0.02617","0.00035","0","0","13.56","Humid","31.50","0","54.10","284175.48","SABD0002000014","AAV2.0.0.13","3.0.1.1413","PSt7-10","180509-029","9/13/2019 10:47:01 AM","0000-00","0","no battery","V"
"10/22/2019","10:33:01","10","default","328281339","OXY_CH10","9.664","min","129.739","μmol/L","Humid","21.205","deg","131535","µV","38.945","°C","1014.000","hPa","36.0","pmil","0","55.560","deg","20.000","°C","100.000","%a.s.","22.340","deg","20.000","°C","962.000","hPa","0.861","-0.02617","0.00035","0","0","13.56","Humid","31.50","0","54.10","284172.42","SABD0002000014","AAV2.0.0.13","3.0.1.1413","PSt7-10","180509-029","9/13/2019 10:47:01 AM","0000-00","0","no battery","V"
"10/22/2019","10:33:02","10","default","328281339","OXY_CH10","9.681","min","129.762","μmol/L","Humid","21.203","deg","131536","µV","38.945","°C","1014.000","hPa","36.0","pmil","0","55.560","deg","20.000","°C","100.000","%a.s.","22.340","deg","20.000","°C","962.000","hPa","0.861","-0.02617","0.00035","0","0","13.56","Humid","31.50","0","54.10","284170.90","SABD0002000014","AAV2.0.0.13","3.0.1.1413","PSt7-10","180509-029","9/13/2019 10:47:01 AM","0000-00","0","no battery","V"
"10/22/2019","10:33:03","10","default","328281339","OXY_CH10","9.697","min","129.728","μmol/L","Humid","21.200","deg","131538","µV","38.957","°C","1014.000","hPa","36.0","pmil","0","55.560","deg","20.000","°C","100.000","%a.s.","22.340","deg","20.000","°C","962.000","hPa","0.861","-0.02617","0.00035","0","0","13.56","Humid","31.50","0","54.10","284156.77","SABD0002000014","AAV2.0.0.13","3.0.1.1413","PSt7-10","180509-029","9/13/2019 10:47:01 AM","0000-00","0","no battery","V"
"10/22/2019","10:33:04","10","default","328281339","OXY_CH10","9.714","min","129.728","μmol/L","Humid","21.206","deg","131536","µV","38.945","°C","1014.000","hPa","36.0","pmil","0","55.560","deg","20.000","°C","100.000","%a.s.","22.340","deg","20.000","°C","962.000","hPa","0.861","-0.02617","0.00035","0","0","13.56","Humid","31.50","0","54.10","284174.71","SABD0002000014","AAV2.0.0.13","3.0.1.1413","PSt7-10","180509-029","9/13/2019 10:47:01 AM","0000-00","0","no battery","V"
"10/22/2019","10:33:05","10","default","328281339","OXY_CH10","9.730","min","129.762","μmol/L","Humid","21.203","deg","131540","µV","38.945","°C","1014.000","hPa","36.0","pmil","0","55.560","deg","20.000","°C","100.000","%a.s.","22.340","deg","20.000","°C","962.000","hPa","0.861","-0.02617","0.00035","0","0","13.56","Humid","31.50","0","54.10","284158.74","SABD0002000014","AAV2.0.0.13","3.0.1.1413","PSt7-10","180509-029","9/13/2019 10:47:01 AM","0000-00","0","no battery","V"
"10/22/2019","10:33:06","10","default","328281339","OXY_CH10","9.747","min","129.762","μmol/L","Humid","21.206","deg","131539","µV","38.938","°C","1014.000","hPa","36.0","pmil","0","55.560","deg","20.000","°C","100.000","%a.s.","22.340","deg","20.000","°C","962.000","hPa","0.861","-0.02617","0.00035","0","0","13.56","Humid","31.50","0","54.10","284165.63","SABD0002000014","AAV2.0.0.13","3.0.1.1413","PSt7-10","180509-029","9/13/2019 10:47:01 AM","0000-00","0","no battery","V"
"10/22/2019","10:33:07","10","default","328281339","OXY_CH10","9.764","min","129.739","μmol/L","Humid","21.208","deg","131534","µV","38.938","°C","1014.000","hPa","36.0","pmil","0","55.560","deg","20.000","°C","100.000","%a.s.","22.340","deg","20.000","°C","962.000","hPa","0.861","-0.02617","0.00035","0","0","13.56","Humid","31.50","0","54.10","284162.05","SABD0002000014","AAV2.0.0.13","3.0.1.1413","PSt7-10","180509-029","9/13/2019 10:47:01 AM","0000-00","0","no battery","V"
"10/22/2019","10:33:08","10","default","328281339","OXY_CH10","9.780","min","129.762","μmol/L","Humid","21.206","deg","131536","µV","38.938","°C","1014.000","hPa","36.0","pmil","0","55.560","deg","20.000","°C","100.000","%a.s.","22.340","deg","20.000","°C","962.000","hPa","0.861","-0.02617","0.00035","0","0","13.56","Humid","31.50","0","54.10","284165.49","SABD0002000014","AAV2.0.0.13","3.0.1.1413","PSt7-10","180509-029","9/13/2019 10:47:01 AM","0000-00","0","no battery","V"
"10/22/2019","10:33:09","10","default","328281339","OXY_CH10","9.797","min","129.728","μmol/L","Humid","21.206","deg","131540","µV","38.945","°C","1014.000","hPa","36.0","pmil","0","55.560","deg","20.000","°C","100.000","%a.s.","22.340","deg","20.000","°C","962.000","hPa","0.861","-0.02617","0.00035","0","0","13.56","Humid","31.50","0","54.10","284155.35","SABD0002000014","AAV2.0.0.13","3.0.1.1413","PSt7-10","180509-029","9/13/2019 10:47:01 AM","0000-00","0","no battery","V"
"10/22/2019","10:33:10","10","default","328281339","OXY_CH10","9.814","min","129.762","μmol/L","Humid","21.206","deg","131534","µV","38.938","°C","1014.000","hPa","36.0","pmil","0","55.560","deg","20.000","°C","100.000","%a.s.","22.340","deg","20.000","°C","962.000","hPa","0.861","-0.02617","0.00035","0","0","13.56","Humid","31.50","0","54.10","284161.58","SABD0002000014","AAV2.0.0.13","3.0.1.1413","PSt7-10","180509-029","9/13/2019 10:47:01 AM","0000-00","0","no battery","V"
"10/22/2019","10:33:11","10","default","328281339","OXY_CH10","9.830","min","129.773","μmol/L","Humid","21.205","deg","131541","µV","38.938","°C","1014.000","hPa","36.0","pmil","0","55.560","deg","20.000","°C","100.000","%a.s.","22.340","deg","20.000","°C","962.000","hPa","0.861","-0.02617","0.00035","0","0","13.56","Humid","31.50","0","54.10","284158.53","SABD0002000014","AAV2.0.0.13","3.0.1.1413","PSt7-10","180509-029","9/13/2019 10:47:01 AM","0000-00","0","no battery","V"
"10/22/2019","10:33:12","10","default","328281339","OXY_CH10","9.848","min","129.750","μmol/L","Humid","21.207","deg","131543","µV","38.938","°C","1014.000","hPa","36.0","pmil","0","55.560","deg","20.000","°C","100.000","%a.s.","22.340","deg","20.000","°C","962.000","hPa","0.861","-0.02617","0.00035","0","0","13.56","Humid","31.50","0","54.10","284158.12","SABD0002000014","AAV2.0.0.13","3.0.1.1413","PSt7-10","180509-029","9/13/2019 10:47:01 AM","0000-00","0","no battery","V"
"10/22/2019","10:33:13","10","default","328281339","OXY_CH10","9.864","min","129.705","μmol/L","Humid","21.208","deg","131543","µV","38.945","°C","1014.000","hPa","36.0","pmil","0","55.560","deg","20.000","°C","100.000","%a.s.","22.340","deg","20.000","°C","962.000","hPa","0.861","-0.02617","0.00035","0","0","13.56","Humid","31.50","0","54.10","284173.90","SABD0002000014","AAV2.0.0.13","3.0.1.1413","PSt7-10","180509-029","9/13/2019 10:47:01 AM","0000-00","0","no battery","V"
"10/22/2019","10:33:14","10","default","328281339","OXY_CH10","9.881","min","129.727","μmol/L","Humid","21.209","deg","131548","µV","38.938","°C","1014.000","hPa","36.0","pmil","0","55.560","deg","20.000","°C","100.000","%a.s.","22.340","deg","20.000","°C","962.000","hPa","0.861","-0.02617","0.00035","0","0","13.56","Humid","31.50","0","54.10","284165.26","SABD0002000014","AAV2.0.0.13","3.0.1.1413","PSt7-10","180509-029","9/13/2019 10:47:01 AM","0000-00","0","no battery","V"
"10/22/2019","10:33:15","10","default","328281339","OXY_CH10","9.897","min","129.727","μmol/L","Humid","21.209","deg","131545","µV","38.938","°C","1014.000","hPa","36.0","pmil","0","55.560","deg","20.000","°C","100.000","%a.s.","22.340","deg","20.000","°C","962.000","hPa","0.861","-0.02617","0.00035","0","0","13.56","Humid","31.50","0","54.10","284159.31","SABD0002000014","AAV2.0.0.13","3.0.1.1413","PSt7-10","180509-029","9/13/2019 10:47:01 AM","0000-00","0","no battery","V"
"10/22/2019","10:33:16","10","default","328281339","OXY_CH10","9.914","min","129.739","μmol/L","Humid","21.208","deg","131550","µV","38.938","°C","1014.000","hPa","36.0","pmil","0","55.560","deg","20.000","°C","100.000","%a.s.","22.340","deg","20.000","°C","962.000","hPa","0.861","-0.02617","0.00035","0","0","13.56","Humid","31.50","0","54.10","284167.52","SABD0002000014","AAV2.0.0.13","3.0.1.1413","PSt7-10","180509-029","9/13/2019 10:47:01 AM","0000-00","0","no battery","V"
"10/22/2019","10:33:17","10","default","328281339","OXY_CH10","9.930","min","129.750","μmol/L","Humid","21.210","deg","131550","µV","38.932","°C","1014.000","hPa","36.0","pmil","0","55.560","deg","20.000","°C","100.000","%a.s.","22.340","deg","20.000","°C","962.000","hPa","0.861","-0.02617","0.00035","0","0","13.56","Humid","31.50","0","54.10","284170.65","SABD0002000014","AAV2.0.0.13","3.0.1.1413","PSt7-10","180509-029","9/13/2019 10:47:01 AM","0000-00","0","no battery","V"
"10/22/2019","10:33:18","10","default","328281339","OXY_CH10","9.947","min","129.704","μmol/L","Humid","21.211","deg","131555","µV","38.938","°C","1014.000","hPa","36.0","pmil","0","55.560","deg","20.000","°C","100.000","%a.s.","22.340","deg","20.000","°C","962.000","hPa","0.861","-0.02617","0.00035","0","0","13.56","Humid","31.50","0","54.10","284160.76","SABD0002000014","AAV2.0.0.13","3.0.1.1413","PSt7-10","180509-029","9/13/2019 10:47:01 AM","0000-00","0","no battery","V"
"10/22/2019","10:33:19","10","default","328281339","OXY_CH10","9.964","min","129.670","μmol/L","Humid","21.211","deg","131548","µV","38.945","°C","1014.000","hPa","36.0","pmil","0","55.560","deg","20.000","°C","100.000","%a.s.","22.340","deg","20.000","°C","962.000","hPa","0.861","-0.02617","0.00035","0","0","13.56","Humid","31.50","0","54.10","284152.54","SABD0002000014","AAV2.0.0.13","3.0.1.1413","PSt7-10","180509-029","9/13/2019 10:47:01 AM","0000-00","0","no battery","V"
"10/22/2019","10:33:20","10","default","328281339","OXY_CH10","9.980","min","129.659","μmol/L","Humid","21.212","deg","131551","µV","38.945","°C","1014.000","hPa","36.0","pmil","0","55.560","deg","20.000","°C","100.000","%a.s.","22.340","deg","20.000","°C","962.000","hPa","0.861","-0.02617","0.00035","0","0","13.56","Humid","31.50","0","54.10","284160.12","SABD0002000014","AAV2.0.0.13","3.0.1.1413","PSt7-10","180509-029","9/13/2019 10:47:01 AM","0000-00","0","no battery","V"
"10/22/2019","10:33:21","10","default","328281339","OXY_CH10","9.997","min","129.727","μmol/L","Humid","21.209","deg","131545","µV","38.938","°C","1014.000","hPa","36.0","pmil","0","55.560","deg","20.000","°C","100.000","%a.s.","22.340","deg","20.000","°C","962.000","hPa","0.861","-0.02617","0.00035","0","0","13.56","Humid","31.50","0","54.10","284158.55","SABD0002000014","AAV2.0.0.13","3.0.1.1413","PSt7-10","180509-029","9/13/2019 10:47:01 AM","0000-00","0","no battery","V"
"10/22/2019","10:33:22","10","default","328281339","OXY_CH10","10.013","min","129.727","μmol/L","Humid","21.209","deg","131552","µV","38.938","°C","1014.000","hPa","36.0","pmil","0","55.560","deg","20.000","°C","100.000","%a.s.","22.340","deg","20.000","°C","962.000","hPa","0.861","-0.02617","0.00035","0","0","13.56","Humid","31.50","0","54.10","284155.84","SABD0002000014","AAV2.0.0.13","3.0.1.1413","PSt7-10","180509-029","9/13/2019 10:47:01 AM","0000-00","0","no battery","V"
"10/22/2019","10:33:23","10","default","328281339","OXY_CH10","10.030","min","129.750","μmol/L","Humid","21.210","deg","131550","µV","38.932","°C","1014.000","hPa","36.0","pmil","0","55.560","deg","20.000","°C","100.000","%a.s.","22.340","deg","20.000","°C","962.000","hPa","0.861","-0.02617","0.00035","0","0","13.56","Humid","31.50","0","54.10","284154.92","SABD0002000014","AAV2.0.0.13","3.0.1.1413","PSt7-10","180509-029","9/13/2019 10:47:01 AM","0000-00","0","no battery","V"
"10/22/2019","10:33:24","10","default","328281339","OXY_CH10","10.047","min","129.693","μmol/L","Humid","21.212","deg","131555","µV","38.938","°C","1014.000","hPa","36.0","pmil","0","55.560","deg","20.000","°C","100.000","%a.s.","22.340","deg","20.000","°C","962.000","hPa","0.861","-0.02617","0.00035","0","0","13.56","Humid","31.50","0","54.10","284164.34","SABD0002000014","AAV2.0.0.13","3.0.1.1413","PSt7-10","180509-029","9/13/2019 10:47:01 AM","0000-00","0","no battery","V"
"10/22/2019","10:33:25","10","default","328281339","OXY_CH10","10.064","min","129.670","μmol/L","Humid","21.211","deg","131557","µV","38.945","°C","1014.000","hPa","36.0","pmil","0","55.560","deg","20.000","°C","100.000","%a.s.","22.340","deg","20.000","°C","962.000","hPa","0.861","-0.02617","0.00035","0","0","13.56","Humid","31.50","0","54.10","284145.25","SABD0002000014","AAV2.0.0.13","3.0.1.1413","PSt7-10","180509-029","9/13/2019 10:47:01 AM","0000-00","0","no battery","V"
"10/22/2019","10:33:26","10","default","328281339","OXY_CH10","10.081","min","129.681","μmol/L","Humid","21.213","deg","131562","µV","38.938","°C","1014.000","hPa","36.0","pmil","0","55.560","deg","20.000","°C","100.000","%a.s.","22.340","deg","20.000","°C","962.000","hPa","0.861","-0.02617","0.00035","0","0","13.56","Humid","31.50","0","54.10","284161.48","SABD0002000014","AAV2.0.0.13","3.0.1.1413","PSt7-10","180509-029","9/13/2019 10:47:01 AM","0000-00","0","no battery","V"
"10/22/2019","10:33:27","10","default","328281339","OXY_CH10","10.097","min","129.727","μmol/L","Humid","21.212","deg","131553","µV","38.932","°C","1014.000","hPa","36.0","pmil","0","55.560","deg","20.000","°C","100.000","%a.s.","22.340","deg","20.000","°C","962.000","hPa","0.861","-0.02617","0.00035","0","0","13.56","Humid","31.50","0","54.10","284143.45","SABD0002000014","AAV2.0.0.13","3.0.1.1413","PSt7-10","180509-029","9/13/2019 10:47:01 AM","0000-00","0","no battery","V"
"10/22/2019","10:33:28","10","default","328281339","OXY_CH10","10.114","min","129.715","μmol/L","Humid","21.213","deg","131559","µV","38.932","°C","1014.000","hPa","36.0","pmil","0","55.560","deg","20.000","°C","100.000","%a.s.","22.340","deg","20.000","°C","962.000","hPa","0.861","-0.02617","0.00035","0","0","13.56","Humid","31.50","0","54.10","284144.01","SABD0002000014","AAV2.0.0.13","3.0.1.1413","PSt7-10","180509-029","9/13/2019 10:47:01 AM","0000-00","0","no battery","V"
"10/22/2019","10:33:29","10","default","328281339","OXY_CH10","10.130","min","129.716","μmol/L","Humid","21.210","deg","131561","µV","38.938","°C","1014.000","hPa","36.0","pmil","0","55.560","deg","20.000","°C","100.000","%a.s.","22.340","deg","20.000","°C","962.000","hPa","0.861","-0.02617","0.00035","0","0","13.56","Humid","31.50","0","54.10","284146.51","SABD0002000014","AAV2.0.0.13","3.0.1.1413","PSt7-10","180509-029","9/13/2019 10:47:01 AM","0000-00","0","no battery","V"
"10/22/2019","10:33:30","10","default","328281339","OXY_CH10","10.147","min","129.739","μmol/L","Humid","21.208","deg","131559","µV","38.938","°C","1014.000","hPa","36.0","pmil","0","55.560","deg","20.000","°C","100.000","%a.s.","22.340","deg","20.000","°C","962.000","hPa","0.861","-0.02617","0.00035","0","0","13.56","Humid","31.50","0","54.10","284145.68","SABD0002000014","AAV2.0.0.13","3.0.1.1413","PSt7-10","180509-029","9/13/2019 10:47:01 AM","0000-00","0","no battery","V"
"10/22/2019","10:33:31","10","default","328281339","OXY_CH10","10.164","min","129.704","μmol/L","Humid","21.211","deg","131562","µV","38.938","°C","1014.000","hPa","36.0","pmil","0","55.560","deg","20.000","°C","100.000","%a.s.","22.340","deg","20.000","°C","962.000","hPa","0.861","-0.02617","0.00035","0","0","13.56","Humid","31.50","0","54.10","284146.54","SABD0002000014","AAV2.0.0.13","3.0.1.1413","PSt7-10","180509-029","9/13/2019 10:47:01 AM","0000-00","0","no battery","V"
"10/22/2019","10:33:32","10","default","328281339","OXY_CH10","10.180","min","129.647","μmol/L","Humid","21.216","deg","131566","µV","38.938","°C","1014.000","hPa","36.0","pmil","0","55.560","deg","20.000","°C","100.000","%a.s.","22.340","deg","20.000","°C","962.000","hPa","0.861","-0.02617","0.00035","0","0","13.56","Humid","31.50","0","54.10","284143.02","SABD0002000014","AAV2.0.0.13","3.0.1.1413","PSt7-10","180509-029","9/13/2019 10:47:01 AM","0000-00","0","no battery","V"
"10/22/2019","10:33:33","10","default","328281339","OXY_CH10","10.198","min","129.704","μmol/L","Humid","21.214","deg","131575","µV","38.932","°C","1014.000","hPa","36.0","pmil","0","55.560","deg","20.000","°C","100.000","%a.s.","22.340","deg","20.000","°C","962.000","hPa","0.861","-0.02617","0.00035","0","0","13.56","Humid","31.50","0","54.10","284157.02","SABD0002000014","AAV2.0.0.13","3.0.1.1413","PSt7-10","180509-029","9/13/2019 10:47:01 AM","0000-00","0","no battery","V"
"10/22/2019","10:33:34","10","default","328281339","OXY_CH10","10.214","min","129.715","μmol/L","Humid","21.213","deg","131574","µV","38.932","°C","1014.000","hPa","36.0","pmil","0","55.560","deg","20.000","°C","100.000","%a.s.","22.340","deg","20.000","°C","962.000","hPa","0.861","-0.02617","0.00035","0","0","13.56","Humid","31.50","0","54.10","284145.66","SABD0002000014","AAV2.0.0.13","3.0.1.1413","PSt7-10","180509-029","9/13/2019 10:47:01 AM","0000-00","0","no battery","V"
"10/22/2019","10:33:35","10","default","328281339","OXY_CH10","10.230","min","129.681","μmol/L","Humid","21.216","deg","131576","µV","38.932","°C","1014.000","hPa","36.0","pmil","0","55.560","deg","20.000","°C","100.000","%a.s.","22.340","deg","20.000","°C","962.000","hPa","0.861","-0.02617","0.00035","0","0","13.56","Humid","31.50","0","54.10","284151.67","SABD0002000014","AAV2.0.0.13","3.0.1.1413","PSt7-10","180509-029","9/13/2019 10:47:01 AM","0000-00","0","no battery","V"
"10/22/2019","10:33:36","10","default","328281339","OXY_CH10","10.247","min","129.658","μmol/L","Humid","21.215","deg","131574","µV","38.938","°C","1014.000","hPa","36.0","pmil","0","55.560","deg","20.000","°C","100.000","%a.s.","22.340","deg","20.000","°C","962.000","hPa","0.861","-0.02617","0.00035","0","0","13.56","Humid","31.50","0","54.10","284152.00","SABD0002000014","AAV2.0.0.13","3.0.1.1413","PSt7-10","180509-029","9/13/2019 10:47:01 AM","0000-00","0","no battery","V"
"10/22/2019","10:33:37","10","default","328281339","OXY_CH10","10.264","min","129.670","μmol/L","Humid","21.214","deg","131571","µV","38.938","°C","1014.000","hPa","36.0","pmil","0","55.560","deg","20.000","°C","100.000","%a.s.","22.340","deg","20.000","°C","962.000","hPa","0.861","-0.02617","0.00035","0","0","13.56","Humid","31.50","0","54.10","284145.08","SABD0002000014","AAV2.0.0.13","3.0.1.1413","PSt7-10","180509-029","9/13/2019 10:47:01 AM","0000-00","0","no battery","V"
"10/22/2019","10:33:38","10","default","328281339","OXY_CH10","10.281","min","129.669","μmol/L","Humid","21.217","deg","131581","µV","38.932","°C","1014.000","hPa","36.0","pmil","0","55.560","deg","20.000","°C","100.000","%a.s.","22.340","deg","20.000","°C","962.000","hPa","0.861","-0.02617","0.00035","0","0","13.56","Humid","31.50","0","54.10","284149.13","SABD0002000014","AAV2.0.0.13","3.0.1.1413","PSt7-10","180509-029","9/13/2019 10:47:01 AM","0000-00","0","no battery","V"
"10/22/2019","10:33:39","10","default","328281339","OXY_CH10","10.298","min","129.635","μmol/L","Humid","21.217","deg","131586","µV","38.938","°C","1014.000","hPa","36.0","pmil","0","55.560","deg","20.000","°C","100.000","%a.s.","22.340","deg","20.000","°C","962.000","hPa","0.861","-0.02617","0.00035","0","0","13.56","Humid","31.50","0","54.10","284151.41","SABD0002000014","AAV2.0.0.13","3.0.1.1413","PSt7-10","180509-029","9/13/2019 10:47:01 AM","0000-00","0","no battery","V"
"10/22/2019","10:33:40","10","default","328281339","OXY_CH10","10.314","min","129.646","μmol/L","Humid","21.219","deg","131587","µV","38.932","°C","1014.000","hPa","36.0","pmil","0","55.560","deg","20.000","°C","100.000","%a.s.","22.340","deg","20.000","°C","962.000","hPa","0.861","-0.02617","0.00035","0","0","13.56","Humid","31.50","0","54.10","284146.19","SABD0002000014","AAV2.0.0.13","3.0.1.1413","PSt7-10","180509-029","9/13/2019 10:47:01 AM","0000-00","0","no battery","V"
"10/22/2019","10:33:41","10","default","328281339","OXY_CH10","10.331","min","129.646","μmol/L","Humid","21.219","deg","131587","µV","38.932","°C","1014.000","hPa","36.0","pmil","0","55.560","deg","20.000","°C","100.000","%a.s.","22.340","deg","20.000","°C","962.000","hPa","0.861","-0.02617","0.00035","0","0","13.56","Humid","31.50","0","54.10","284136.19","SABD0002000014","AAV2.0.0.13","3.0.1.1413","PSt7-10","180509-029","9/13/2019 10:47:01 AM","0000-00","0","no battery","V"
"10/22/2019","10:33:42","10","default","328281339","OXY_CH10","10.348","min","129.646","μmol/L","Humid","21.219","deg","131584","µV","38.932","°C","1014.000","hPa","36.0","pmil","0","55.560","deg","20.000","°C","100.000","%a.s.","22.340","deg","20.000","°C","962.000","hPa","0.861","-0.02617","0.00035","0","0","13.56","Humid","31.50","0","54.10","284144.98","SABD0002000014","AAV2.0.0.13","3.0.1.1413","PSt7-10","180509-029","9/13/2019 10:47:01 AM","0000-00","0","no battery","V"
"10/22/2019","10:33:43","10","default","328281339","OXY_CH10","10.364","min","129.658","μmol/L","Humid","21.218","deg","131584","µV","38.932","°C","1014.000","hPa","36.0","pmil","0","55.560","deg","20.000","°C","100.000","%a.s.","22.340","deg","20.000","°C","962.000","hPa","0.861","-0.02617","0.00035","0","0","13.56","Humid","31.50","0","54.10","284151.54","SABD0002000014","AAV2.0.0.13","3.0.1.1413","PSt7-10","180509-029","9/13/2019 10:47:01 AM","0000-00","0","no battery","V"
"10/22/2019","10:33:44","10","default","328281339","OXY_CH10","10.380","min","129.646","μmol/L","Humid","21.219","deg","131575","µV","38.932","°C","1014.000","hPa","36.0","pmil","0","55.560","deg","20.000","°C","100.000","%a.s.","22.340","deg","20.000","°C","962.000","hPa","0.861","-0.02617","0.00035","0","0","13.56","Humid","31.50","0","54.10","284134.84","SABD0002000014","AAV2.0.0.13","3.0.1.1413","PSt7-10","180509-029","9/13/2019 10:47:01 AM","0000-00","0","no battery","V"
"10/22/2019","10:33:45","10","default","328281339","OXY_CH10","10.398","min","129.646","μmol/L","Humid","21.219","deg","131582","µV","38.932","°C","1014.000","hPa","36.0","pmil","0","55.560","deg","20.000","°C","100.000","%a.s.","22.340","deg","20.000","°C","962.000","hPa","0.861","-0.02617","0.00035","0","0","13.56","Humid","31.50","0","54.10","284141.08","SABD0002000014","AAV2.0.0.13","3.0.1.1413","PSt7-10","180509-029","9/13/2019 10:47:01 AM","0000-00","0","no battery","V"
"10/22/2019","10:33:46","10","default","328281339","OXY_CH10","10.414","min","129.635","μmol/L","Humid","21.217","deg","131584","µV","38.938","°C","1014.000","hPa","36.0","pmil","0","55.560","deg","20.000","°C","100.000","%a.s.","22.340","deg","20.000","°C","962.000","hPa","0.861","-0.02617","0.00035","0","0","13.56","Humid","31.50","0","54.10","284131.53","SABD0002000014","AAV2.0.0.13","3.0.1.1413","PSt7-10","180509-029","9/13/2019 10:47:01 AM","0000-00","0","no battery","V"
"10/22/2019","10:33:47","10","default","328281339","OXY_CH10","10.431","min","129.658","μmol/L","Humid","21.218","deg","131571","µV","38.932","°C","1014.000","hPa","36.0","pmil","0","55.560","deg","20.000","°C","100.000","%a.s.","22.340","deg","20.000","°C","962.000","hPa","0.861","-0.02617","0.00035","0","0","13.56","Humid","31.50","0","54.10","284140.11","SABD0002000014","AAV2.0.0.13","3.0.1.1413","PSt7-10","180509-029","9/13/2019 10:47:01 AM","0000-00","0","no battery","V"
"10/22/2019","10:33:48","10","default","328281339","OXY_CH10","10.447","min","129.635","μmol/L","Humid","21.217","deg","131581","µV","38.938","°C","1014.000","hPa","36.0","pmil","0","55.560","deg","20.000","°C","100.000","%a.s.","22.340","deg","20.000","°C","962.000","hPa","0.861","-0.02617","0.00035","0","0","13.56","Humid","31.50","0","54.10","284132.88","SABD0002000014","AAV2.0.0.13","3.0.1.1413","PSt7-10","180509-029","9/13/2019 10:47:01 AM","0000-00","0","no battery","V"
"10/22/2019","10:33:49","10","default","328281339","OXY_CH10","10.464","min","129.669","μmol/L","Humid","21.217","deg","131583","µV","38.932","°C","1014.000","hPa","36.0","pmil","0","55.560","deg","20.000","°C","100.000","%a.s.","22.340","deg","20.000","°C","962.000","hPa","0.861","-0.02617","0.00035","0","0","13.56","Humid","31.50","0","54.10","284136.54","SABD0002000014","AAV2.0.0.13","3.0.1.1413","PSt7-10","180509-029","9/13/2019 10:47:01 AM","0000-00","0","no battery","V"
"10/22/2019","10:33:50","10","default","328281339","OXY_CH10","10.480","min","129.590","μmol/L","Humid","21.221","deg","131580","µV","38.938","°C","1014.000","hPa","36.0","pmil","0","55.560","deg","20.000","°C","100.000","%a.s.","22.340","deg","20.000","°C","962.000","hPa","0.861","-0.02617","0.00035","0","0","13.56","Humid","31.50","0","54.10","284130.00","SABD0002000014","AAV2.0.0.13","3.0.1.1413","PSt7-10","180509-029","9/13/2019 10:47:01 AM","0000-00","0","no battery","V"
"10/22/2019","10:33:51","10","default","328281339","OXY_CH10","10.497","min","129.624","μmol/L","Humid","21.218","deg","131588","µV","38.938","°C","1014.000","hPa","36.0","pmil","0","55.560","deg","20.000","°C","100.000","%a.s.","22.340","deg","20.000","°C","962.000","hPa","0.861","-0.02617","0.00035","0","0","13.56","Humid","31.50","0","54.10","284130.29","SABD0002000014","AAV2.0.0.13","3.0.1.1413","PSt7-10","180509-029","9/13/2019 10:47:01 AM","0000-00","0","no battery","V"
"10/22/2019","10:33:52","10","default","328281339","OXY_CH10","10.514","min","129.657","μmol/L","Humid","21.221","deg","131579","µV","38.926","°C","1014.000","hPa","36.0","pmil","0","55.560","deg","20.000","°C","100.000","%a.s.","22.340","deg","20.000","°C","962.000","hPa","0.861","-0.02617","0.00035","0","0","13.56","Humid","31.50","0","54.10","284139.10","SABD0002000014","AAV2.0.0.13","3.0.1.1413","PSt7-10","180509-029","9/13/2019 10:47:01 AM","0000-00","0","no battery","V"
"10/22/2019","10:33:53","10","default","328281339","OXY_CH10","10.530","min","129.669","μmol/L","Humid","21.217","deg","131569","µV","38.932","°C","1014.000","hPa","36.0","pmil","0","55.560","deg","20.000","°C","100.000","%a.s.","22.340","deg","20.000","°C","962.000","hPa","0.861","-0.02617","0.00035","0","0","13.56","Humid","31.50","0","54.10","284127.61","SABD0002000014","AAV2.0.0.13","3.0.1.1413","PSt7-10","180509-029","9/13/2019 10:47:01 AM","0000-00","0","no battery","V"
"10/22/2019","10:33:54","10","default","328281339","OXY_CH10","10.547","min","129.680","μmol/L","Humid","21.219","deg","131570","µV","38.926","°C","1014.000","hPa","36.0","pmil","0","55.560","deg","20.000","°C","100.000","%a.s.","22.340","deg","20.000","°C","962.000","hPa","0.861","-0.02617","0.00035","0","0","13.56","Humid","31.50","0","54.10","284126.36","SABD0002000014","AAV2.0.0.13","3.0.1.1413","PSt7-10","180509-029","9/13/2019 10:47:01 AM","0000-00","0","no battery","V"
"10/22/2019","10:33:55","10","default","328281339","OXY_CH10","10.564","min","129.669","μmol/L","Humid","21.217","deg","131567","µV","38.932","°C","1014.000","hPa","36.0","pmil","0","55.560","deg","20.000","°C","100.000","%a.s.","22.340","deg","20.000","°C","962.000","hPa","0.861","-0.02617","0.00035","0","0","13.56","Humid","31.50","0","54.10","284129.97","SABD0002000014","AAV2.0.0.13","3.0.1.1413","PSt7-10","180509-029","9/13/2019 10:47:01 AM","0000-00","0","no battery","V"
"10/22/2019","10:33:56","10","default","328281339","OXY_CH10","10.581","min","129.612","μmol/L","Humid","21.222","deg","131576","µV","38.932","°C","1014.000","hPa","36.0","pmil","0","55.560","deg","20.000","°C","100.000","%a.s.","22.340","deg","20.000","°C","962.000","hPa","0.861","-0.02617","0.00035","0","0","13.56","Humid","31.50","0","54.10","284130.97","SABD0002000014","AAV2.0.0.13","3.0.1.1413","PSt7-10","180509-029","9/13/2019 10:47:01 AM","0000-00","0","no battery","V"
"10/22/2019","10:33:57","10","default","328281339","OXY_CH10","10.598","min","129.635","μmol/L","Humid","21.220","deg","131583","µV","38.932","°C","1014.000","hPa","36.0","pmil","0","55.560","deg","20.000","°C","100.000","%a.s.","22.340","deg","20.000","°C","962.000","hPa","0.861","-0.02617","0.00035","0","0","13.56","Humid","31.50","0","54.10","284124.02","SABD0002000014","AAV2.0.0.13","3.0.1.1413","PSt7-10","180509-029","9/13/2019 10:47:01 AM","0000-00","0","no battery","V"
"10/22/2019","10:33:58","10","default","328281339","OXY_CH10","10.614","min","129.646","μmol/L","Humid","21.219","deg","131579","µV","38.932","°C","1014.000","hPa","36.0","pmil","0","55.560","deg","20.000","°C","100.000","%a.s.","22.340","deg","20.000","°C","962.000","hPa","0.861","-0.02617","0.00035","0","0","13.56","Humid","31.50","0","54.10","284118.68","SABD0002000014","AAV2.0.0.13","3.0.1.1413","PSt7-10","180509-029","9/13/2019 10:47:01 AM","0000-00","0","no battery","V"
"10/22/2019","10:33:59","10","default","328281339","OXY_CH10","10.630","min","129.589","μmol/L","Humid","21.224","deg","131580","µV","38.932","°C","1014.000","hPa","36.0","pmil","0","55.560","deg","20.000","°C","100.000","%a.s.","22.340","deg","20.000","°C","962.000","hPa","0.861","-0.02617","0.00035","0","0","13.56","Humid","31.50","0","54.10","284116.71","SABD0002000014","AAV2.0.0.13","3.0.1.1413","PSt7-10","180509-029","9/13/2019 10:47:01 AM","0000-00","0","no battery","V"
"10/22/2019","10:34:00","10","default","328281339","OXY_CH10","10.647","min","129.601","μmol/L","Humid","21.223","deg","131578","µV","38.932","°C","1014.000","hPa","36.0","pmil","0","55.560","deg","20.000","°C","100.000","%a.s.","22.340","deg","20.000","°C","962.000","hPa","0.861","-0.02617","0.00035","0","0","13.56","Humid","31.50","0","54.10","284128.87","SABD0002000014","AAV2.0.0.13","3.0.1.1413","PSt7-10","180509-029","9/13/2019 10:47:01 AM","0000-00","0","no battery","V"
"10/22/2019","10:34:01","10","default","328281339","OXY_CH10","10.664","min","129.669","μmol/L","Humid","21.220","deg","131579","µV","38.926","°C","1014.000","hPa","36.0","pmil","0","55.560","deg","20.000","°C","100.000","%a.s.","22.340","deg","20.000","°C","962.000","hPa","0.861","-0.02617","0.00035","0","0","13.56","Humid","31.50","0","54.10","284117.40","SABD0002000014","AAV2.0.0.13","3.0.1.1413","PSt7-10","180509-029","9/13/2019 10:47:01 AM","0000-00","0","no battery","V"
"10/22/2019","10:34:02","10","default","328281339","OXY_CH10","10.680","min","129.646","μmol/L","Humid","21.222","deg","131579","µV","38.926","°C","1014.000","hPa","36.0","pmil","0","55.560","deg","20.000","°C","100.000","%a.s.","22.340","deg","20.000","°C","962.000","hPa","0.861","-0.02617","0.00035","0","0","13.56","Humid","31.50","0","54.10","284117.77","SABD0002000014","AAV2.0.0.13","3.0.1.1413","PSt7-10","180509-029","9/13/2019 10:47:01 AM","0000-00","0","no battery","V"
"10/22/2019","10:34:03","10","default","328281339","OXY_CH10","10.698","min","129.601","μmol/L","Humid","21.223","deg","131581","µV","38.932","°C","1014.000","hPa","36.0","pmil","0","55.560","deg","20.000","°C","100.000","%a.s.","22.340","deg","20.000","°C","962.000","hPa","0.861","-0.02617","0.00035","0","0","13.56","Humid","31.50","0","54.10","284133.21","SABD0002000014","AAV2.0.0.13","3.0.1.1413","PSt7-10","180509-029","9/13/2019 10:47:01 AM","0000-00","0","no battery","V"
"10/22/2019","10:34:04","10","default","328281339","OXY_CH10","10.714","min","129.566","μmol/L","Humid","21.226","deg","131587","µV","38.932","°C","1014.000","hPa","36.0","pmil","0","55.560","deg","20.000","°C","100.000","%a.s.","22.340","deg","20.000","°C","962.000","hPa","0.861","-0.02617","0.00035","0","0","13.56","Humid","31.50","0","54.10","284124.71","SABD0002000014","AAV2.0.0.13","3.0.1.1413","PSt7-10","180509-029","9/13/2019 10:47:01 AM","0000-00","0","no battery","V"
"10/22/2019","10:34:05","10","default","328281339","OXY_CH10","10.731","min","129.589","μmol/L","Humid","21.224","deg","131587","µV","38.932","°C","1014.000","hPa","36.0","pmil","0","55.560","deg","20.000","°C","100.000","%a.s.","22.340","deg","20.000","°C","962.000","hPa","0.861","-0.02617","0.00035","0","0","13.56","Humid","31.50","0","54.10","284135.11","SABD0002000014","AAV2.0.0.13","3.0.1.1413","PSt7-10","180509-029","9/13/2019 10:47:01 AM","0000-00","0","no battery","V"
"10/22/2019","10:34:06","10","default","328281339","OXY_CH10","10.747","min","129.612","μmol/L","Humid","21.222","deg","131587","µV","38.932","°C","1014.000","hPa","36.0","pmil","0","55.560","deg","20.000","°C","100.000","%a.s.","22.340","deg","20.000","°C","962.000","hPa","0.861","-0.02617","0.00035","0","0","13.56","Humid","31.50","0","54.10","284114.10","SABD0002000014","AAV2.0.0.13","3.0.1.1413","PSt7-10","180509-029","9/13/2019 10:47:01 AM","0000-00","0","no battery","V"
"10/22/2019","10:34:07","10","default","328281339","OXY_CH10","10.764","min","129.634","μmol/L","Humid","21.223","deg","131591","µV","38.926","°C","1014.000","hPa","36.0","pmil","0","55.560","deg","20.000","°C","100.000","%a.s.","22.340","deg","20.000","°C","962.000","hPa","0.861","-0.02617","0.00035","0","0","13.56","Humid","31.50","0","54.10","284114.33","SABD0002000014","AAV2.0.0.13","3.0.1.1413","PSt7-10","180509-029","9/13/2019 10:47:01 AM","0000-00","0","no battery","V"
"10/22/2019","10:34:08","10","default","328281339","OXY_CH10","10.782","min","129.589","μmol/L","Humid","21.224","deg","131594","µV","38.932","°C","1014.000","hPa","36.0","pmil","0","55.560","deg","20.000","°C","100.000","%a.s.","22.340","deg","20.000","°C","962.000","hPa","0.861","-0.02617","0.00035","0","0","13.56","Humid","31.50","0","54.10","284119.31","SABD0002000014","AAV2.0.0.13","3.0.1.1413","PSt7-10","180509-029","9/13/2019 10:47:01 AM","0000-00","0","no battery","V"
"10/22/2019","10:34:09","10","default","328281339","OXY_CH10","10.797","min","129.555","μmol/L","Humid","21.227","deg","131599","µV","38.932","°C","1014.000","hPa","36.0","pmil","0","55.560","deg","20.000","°C","100.000","%a.s.","22.340","deg","20.000","°C","962.000","hPa","0.861","-0.02617","0.00035","0","0","13.56","Humid","31.50","0","54.10","284117.74","SABD0002000014","AAV2.0.0.13","3.0.1.1413","PSt7-10","180509-029","9/13/2019 10:47:01 AM","0000-00","0","no battery","V"
"10/22/2019","10:34:10","10","default","328281339","OXY_CH10","10.814","min","129.600","μmol/L","Humid","21.226","deg","131600","µV","38.926","°C","1014.000","hPa","36.0","pmil","0","55.560","deg","20.000","°C","100.000","%a.s.","22.340","deg","20.000","°C","962.000","hPa","0.861","-0.02617","0.00035","0","0","13.56","Humid","31.50","0","54.10","284125.18","SABD0002000014","AAV2.0.0.13","3.0.1.1413","PSt7-10","180509-029","9/13/2019 10:47:01 AM","0000-00","0","no battery","V"
"10/22/2019","10:34:11","10","default","328281339","OXY_CH10","10.830","min","129.589","μmol/L","Humid","21.227","deg","131606","µV","38.926","°C","1014.000","hPa","36.0","pmil","0","55.560","deg","20.000","°C","100.000","%a.s.","22.340","deg","20.000","°C","962.000","hPa","0.861","-0.02617","0.00035","0","0","13.56","Humid","31.50","0","54.10","284119.40","SABD0002000014","AAV2.0.0.13","3.0.1.1413","PSt7-10","180509-029","9/13/2019 10:47:01 AM","0000-00","0","no battery","V"
"10/22/2019","10:34:12","10","default","328281339","OXY_CH10","10.847","min","129.566","μmol/L","Humid","21.226","deg","131606","µV","38.932","°C","1014.000","hPa","36.0","pmil","0","55.560","deg","20.000","°C","100.000","%a.s.","22.340","deg","20.000","°C","962.000","hPa","0.861","-0.02617","0.00035","0","0","13.56","Humid","31.50","0","54.10","284123.47","SABD0002000014","AAV2.0.0.13","3.0.1.1413","PSt7-10","180509-029","9/13/2019 10:47:01 AM","0000-00","0","no battery","V"
"10/22/2019","10:34:13","10","default","328281339","OXY_CH10","10.864","min","129.566","μmol/L","Humid","21.226","deg","131608","µV","38.932","°C","1014.000","hPa","36.0","pmil","0","55.560","deg","20.000","°C","100.000","%a.s.","22.340","deg","20.000","°C","962.000","hPa","0.861","-0.02617","0.00035","0","0","13.56","Humid","31.50","0","54.10","284114.81","SABD0002000014","AAV2.0.0.13","3.0.1.1413","PSt7-10","180509-029","9/13/2019 10:47:01 AM","0000-00","0","no battery","V"
"10/22/2019","10:34:14","10","default","328281339","OXY_CH10","10.881","min","129.532","μmol/L","Humid","21.229","deg","131606","µV","38.932","°C","1014.000","hPa","36.0","pmil","0","55.560","deg","20.000","°C","100.000","%a.s.","22.340","deg","20.000","°C","962.000","hPa","0.861","-0.02617","0.00035","0","0","13.56","Humid","31.50","0","54.10","284104.88","SABD0002000014","AAV2.0.0.13","3.0.1.1413","PSt7-10","180509-029","9/13/2019 10:47:01 AM","0000-00","0","no battery","V"
"10/22/2019","10:34:15","10","default","328281339","OXY_CH10","10.897","min","129.578","μmol/L","Humid","21.225","deg","131606","µV","38.932","°C","1014.000","hPa","36.0","pmil","0","55.560","deg","20.000","°C","100.000","%a.s.","22.340","deg","20.000","°C","962.000","hPa","0.861","-0.02617","0.00035","0","0","13.56","Humid","31.50","0","54.10","284120.02","SABD0002000014","AAV2.0.0.13","3.0.1.1413","PSt7-10","180509-029","9/13/2019 10:47:01 AM","0000-00","0","no battery","V"
"10/22/2019","10:34:16","10","default","328281339","OXY_CH10","10.913","min","129.589","μmol/L","Humid","21.227","deg","131611","µV","38.926","°C","1014.000","hPa","36.0","pmil","0","55.560","deg","20.000","°C","100.000","%a.s.","22.340","deg","20.000","°C","962.000","hPa","0.861","-0.02617","0.00035","0","0","13.56","Humid","31.50","0","54.10","284118.79","SABD0002000014","AAV2.0.0.13","3.0.1.1413","PSt7-10","180509-029","9/13/2019 10:47:01 AM","0000-00","0","no battery","V"
"10/22/2019","10:34:17","10","default","328281339","OXY_CH10","10.931","min","129.566","μmol/L","Humid","21.226","deg","131601","µV","38.932","°C","1014.000","hPa","36.0","pmil","0","55.560","deg","20.000","°C","100.000","%a.s.","22.340","deg","20.000","°C","962.000","hPa","0.861","-0.02617","0.00035","0","0","13.56","Humid","31.50","0","54.10","284108.88","SABD0002000014","AAV2.0.0.13","3.0.1.1413","PSt7-10","180509-029","9/13/2019 10:47:01 AM","0000-00","0","no battery","V"
"10/22/2019","10:34:18","10","default","328281339","OXY_CH10","10.948","min","129.600","μmol/L","Humid","21.226","deg","131609","µV","38.926","°C","1014.000","hPa","36.0","pmil","0","55.560","deg","20.000","°C","100.000","%a.s.","22.340","deg","20.000","°C","962.000","hPa","0.861","-0.02617","0.00035","0","0","13.56","Humid","31.50","0","54.10","284112.85","SABD0002000014","AAV2.0.0.13","3.0.1.1413","PSt7-10","180509-029","9/13/2019 10:47:01 AM","0000-00","0","no battery","V"
"10/22/2019","10:34:19","10","default","328281339","OXY_CH10","10.964","min","129.566","μmol/L","Humid","21.226","deg","131605","µV","38.932","°C","1014.000","hPa","36.0","pmil","0","55.560","deg","20.000","°C","100.000","%a.s.","22.340","deg","20.000","°C","962.000","hPa","0.861","-0.02617","0.00035","0","0","13.56","Humid","31.50","0","54.10","284114.66","SABD0002000014","AAV2.0.0.13","3.0.1.1413","PSt7-10","180509-029","9/13/2019 10:47:01 AM","0000-00","0","no battery","V"
"10/22/2019","10:34:20","10","default","328281339","OXY_CH10","10.980","min","129.566","μmol/L","Humid","21.229","deg","131615","µV","38.926","°C","1014.000","hPa","36.0","pmil","0","55.560","deg","20.000","°C","100.000","%a.s.","22.340","deg","20.000","°C","962.000","hPa","0.861","-0.02617","0.00035","0","0","13.56","Humid","31.50","0","54.10","284105.42","SABD0002000014","AAV2.0.0.13","3.0.1.1413","PSt7-10","180509-029","9/13/2019 10:47:01 AM","0000-00","0","no battery","V"
"10/22/2019","10:34:21","10","default","328281339","OXY_CH10","10.997","min","129.577","μmol/L","Humid","21.228","deg","131615","µV","38.926","°C","1014.000","hPa","36.0","pmil","0","55.560","deg","20.000","°C","100.000","%a.s.","22.340","deg","20.000","°C","962.000","hPa","0.861","-0.02617","0.00035","0","0","13.56","Humid","31.50","0","54.10","284100.47","SABD0002000014","AAV2.0.0.13","3.0.1.1413","PSt7-10","180509-029","9/13/2019 10:47:01 AM","0000-00","0","no battery","V"
"10/22/2019","10:34:22","10","default","328281339","OXY_CH10","11.014","min","129.589","μmol/L","Humid","21.227","deg","131616","µV","38.926","°C","1014.000","hPa","36.0","pmil","0","55.560","deg","20.000","°C","100.000","%a.s.","22.340","deg","20.000","°C","962.000","hPa","0.861","-0.02617","0.00035","0","0","13.56","Humid","31.50","0","54.10","284118.36","SABD0002000014","AAV2.0.0.13","3.0.1.1413","PSt7-10","180509-029","9/13/2019 10:47:01 AM","0000-00","0","no battery","V"
"10/22/2019","10:34:23","10","default","328281339","OXY_CH10","11.030","min","129.566","μmol/L","Humid","21.229","deg","131625","µV","38.926","°C","1014.000","hPa","36.0","pmil","0","55.560","deg","20.000","°C","100.000","%a.s.","22.340","deg","20.000","°C","962.000","hPa","0.861","-0.02617","0.00035","0","0","13.56","Humid","31.50","0","54.10","284104.00","SABD0002000014","AAV2.0.0.13","3.0.1.1413","PSt7-10","180509-029","9/13/2019 10:47:01 AM","0000-00","0","no battery","V"
"10/22/2019","10:34:24","10","default","328281339","OXY_CH10","11.048","min","129.566","μmol/L","Humid","21.229","deg","131618","µV","38.926","°C","1014.000","hPa","36.0","pmil","0","55.560","deg","20.000","°C","100.000","%a.s.","22.340","deg","20.000","°C","962.000","hPa","0.861","-0.02617","0.00035","0","0","13.56","Humid","31.50","0","54.10","284099.39","SABD0002000014","AAV2.0.0.13","3.0.1.1413","PSt7-10","180509-029","9/13/2019 10:47:01 AM","0000-00","0","no battery","V"
"10/22/2019","10:34:25","10","default","328281339","OXY_CH10","11.064","min","129.566","μmol/L","Humid","21.229","deg","131624","µV","38.926","°C","1014.000","hPa","36.0","pmil","0","55.560","deg","20.000","°C","100.000","%a.s.","22.340","deg","20.000","°C","962.000","hPa","0.861","-0.02617","0.00035","0","0","13.56","Humid","31.50","0","54.10","284095.85","SABD0002000014","AAV2.0.0.13","3.0.1.1413","PSt7-10","180509-029","9/13/2019 10:47:01 AM","0000-00","0","no battery","V"
"10/22/2019","10:34:26","10","default","328281339","OXY_CH10","11.080","min","129.520","μmol/L","Humid","21.233","deg","131621","µV","38.926","°C","1014.000","hPa","36.0","pmil","0","55.560","deg","20.000","°C","100.000","%a.s.","22.340","deg","20.000","°C","962.000","hPa","0.861","-0.02617","0.00035","0","0","13.56","Humid","31.50","0","54.10","284107.33","SABD0002000014","AAV2.0.0.13","3.0.1.1413","PSt7-10","180509-029","9/13/2019 10:47:01 AM","0000-00","0","no battery","V"
"10/22/2019","10:34:27","10","default","328281339","OXY_CH10","11.097","min","129.577","μmol/L","Humid","21.228","deg","131624","µV","38.926","°C","1014.000","hPa","36.0","pmil","0","55.560","deg","20.000","°C","100.000","%a.s.","22.340","deg","20.000","°C","962.000","hPa","0.861","-0.02617","0.00035","0","0","13.56","Humid","31.50","0","54.10","284112.62","SABD0002000014","AAV2.0.0.13","3.0.1.1413","PSt7-10","180509-029","9/13/2019 10:47:01 AM","0000-00","0","no battery","V"
"10/22/2019","10:34:28","10","default","328281339","OXY_CH10","11.114","min","129.486","μmol/L","Humid","21.233","deg","131631","µV","38.932","°C","1014.000","hPa","36.0","pmil","0","55.560","deg","20.000","°C","100.000","%a.s.","22.340","deg","20.000","°C","962.000","hPa","0.861","-0.02617","0.00035","0","0","13.56","Humid","31.50","0","54.10","284118.32","SABD0002000014","AAV2.0.0.13","3.0.1.1413","PSt7-10","180509-029","9/13/2019 10:47:01 AM","0000-00","0","no battery","V"
"10/22/2019","10:34:29","10","default","328281339","OXY_CH10","11.131","min","129.543","μmol/L","Humid","21.231","deg","131612","µV","38.926","°C","1014.000","hPa","36.0","pmil","0","55.560","deg","20.000","°C","100.000","%a.s.","22.340","deg","20.000","°C","962.000","hPa","0.861","-0.02617","0.00035","0","0","13.56","Humid","31.50","0","54.10","284117.36","SABD0002000014","AAV2.0.0.13","3.0.1.1413","PSt7-10","180509-029","9/13/2019 10:47:01 AM","0000-00","0","no battery","V"
"10/22/2019","10:34:30","10","default","328281339","OXY_CH10","11.147","min","129.600","μmol/L","Humid","21.229","deg","131623","µV","38.920","°C","1014.000","hPa","36.0","pmil","0","55.560","deg","20.000","°C","100.000","%a.s.","22.340","deg","20.000","°C","962.000","hPa","0.861","-0.02617","0.00035","0","0","13.56","Humid","31.50","0","54.10","284102.57","SABD0002000014","AAV2.0.0.13","3.0.1.1413","PSt7-10","180509-029","9/13/2019 10:47:01 AM","0000-00","0","no battery","V"
"10/22/2019","10:34:31","10","default","328281339","OXY_CH10","11.164","min","129.600","μmol/L","Humid","21.229","deg","131632","µV","38.920","°C","1014.000","hPa","36.0","pmil","0","55.560","deg","20.000","°C","100.000","%a.s.","22.340","deg","20.000","°C","962.000","hPa","0.861","-0.02617","0.00035","0","0","13.56","Humid","31.50","0","54.10","284109.07","SABD0002000014","AAV2.0.0.13","3.0.1.1413","PSt7-10","180509-029","9/13/2019 10:47:01 AM","0000-00","0","no battery","V"
"10/22/2019","10:34:32","10","default","328281339","OXY_CH10","11.181","min","129.577","μmol/L","Humid","21.231","deg","131622","µV","38.920","°C","1014.000","hPa","36.0","pmil","0","55.560","deg","20.000","°C","100.000","%a.s.","22.340","deg","20.000","°C","962.000","hPa","0.861","-0.02617","0.00035","0","0","13.56","Humid","31.50","0","54.10","284100.15","SABD0002000014","AAV2.0.0.13","3.0.1.1413","PSt7-10","180509-029","9/13/2019 10:47:01 AM","0000-00","0","no battery","V"
"10/22/2019","10:34:33","10","default","328281339","OXY_CH10","11.197","min","129.531","μmol/L","Humid","21.232","deg","131619","µV","38.926","°C","1014.000","hPa","36.0","pmil","0","55.560","deg","20.000","°C","100.000","%a.s.","22.340","deg","20.000","°C","962.000","hPa","0.861","-0.02617","0.00035","0","0","13.56","Humid","31.50","0","54.10","284107.00","SABD0002000014","AAV2.0.0.13","3.0.1.1413","PSt7-10","180509-029","9/13/2019 10:47:01 AM","0000-00","0","no battery","V"
"10/22/2019","10:34:34","10","default","328281339","OXY_CH10","11.214","min","129.554","μmol/L","Humid","21.230","deg","131624","µV","38.926","°C","1014.000","hPa","36.0","pmil","0","55.560","deg","20.000","°C","100.000","%a.s.","22.340","deg","20.000","°C","962.000","hPa","0.861","-0.02617","0.00035","0","0","13.56","Humid","31.50","0","54.10","284103.18","SABD0002000014","AAV2.0.0.13","3.0.1.1413","PSt7-10","180509-029","9/13/2019 10:47:01 AM","0000-00","0","no battery","V"
"10/22/2019","10:34:35","10","default","328281339","OXY_CH10","11.231","min","129.531","μmol/L","Humid","21.232","deg","131628","µV","38.926","°C","1014.000","hPa","36.0","pmil","0","55.560","deg","20.000","°C","100.000","%a.s.","22.340","deg","20.000","°C","962.000","hPa","0.861","-0.02617","0.00035","0","0","13.56","Humid","31.50","0","54.10","284113.32","SABD0002000014","AAV2.0.0.13","3.0.1.1413","PSt7-10","180509-029","9/13/2019 10:47:01 AM","0000-00","0","no battery","V"
"10/22/2019","10:34:36","10","default","328281339","OXY_CH10","11.247","min","129.497","μmol/L","Humid","21.232","deg","131613","µV","38.932","°C","1014.000","hPa","36.0","pmil","0","55.560","deg","20.000","°C","100.000","%a.s.","22.340","deg","20.000","°C","962.000","hPa","0.861","-0.02617","0.00035","0","0","13.56","Humid","31.50","0","54.10","284106.26","SABD0002000014","AAV2.0.0.13","3.0.1.1413","PSt7-10","180509-029","9/13/2019 10:47:01 AM","0000-00","0","no battery","V"
"10/22/2019","10:34:37","10","default","328281339","OXY_CH10","11.264","min","129.543","μmol/L","Humid","21.231","deg","131613","µV","38.926","°C","1014.000","hPa","36.0","pmil","0","55.560","deg","20.000","°C","100.000","%a.s.","22.340","deg","20.000","°C","962.000","hPa","0.861","-0.02617","0.00035","0","0","13.56","Humid","31.50","0","54.10","284116.97","SABD0002000014","AAV2.0.0.13","3.0.1.1413","PSt7-10","180509-029","9/13/2019 10:47:01 AM","0000-00","0","no battery","V"
"10/22/2019","10:34:38","10","default","328281339","OXY_CH10","11.281","min","129.554","μmol/L","Humid","21.233","deg","131613","µV","38.920","°C","1014.000","hPa","36.0","pmil","0","55.560","deg","20.000","°C","100.000","%a.s.","22.340","deg","20.000","°C","962.000","hPa","0.861","-0.02617","0.00035","0","0","13.56","Humid","31.50","0","54.10","284111.43","SABD0002000014","AAV2.0.0.13","3.0.1.1413","PSt7-10","180509-029","9/13/2019 10:47:01 AM","0000-00","0","no battery","V"
"10/22/2019","10:34:39","10","default","328281339","OXY_CH10","11.297","min","129.565","μmol/L","Humid","21.232","deg","131615","µV","38.920","°C","1014.000","hPa","36.0","pmil","0","55.560","deg","20.000","°C","100.000","%a.s.","22.340","deg","20.000","°C","962.000","hPa","0.861","-0.02617","0.00035","0","0","13.56","Humid","31.50","0","54.10","284101.98","SABD0002000014","AAV2.0.0.13","3.0.1.1413","PSt7-10","180509-029","9/13/2019 10:47:01 AM","0000-00","0","no battery","V"
"10/22/2019","10:34:40","10","default","328281339","OXY_CH10","11.314","min","129.565","μmol/L","Humid","21.232","deg","131614","µV","38.920","°C","1014.000","hPa","36.0","pmil","0","55.560","deg","20.000","°C","100.000","%a.s.","22.340","deg","20.000","°C","962.000","hPa","0.861","-0.02617","0.00035","0","0","13.56","Humid","31.50","0","54.10","284098.02","SABD0002000014","AAV2.0.0.13","3.0.1.1413","PSt7-10","180509-029","9/13/2019 10:47:01 AM","0000-00","0","no battery","V"
"10/22/2019","10:34:41","10","default","328281339","OXY_CH10","11.331","min","129.531","μmol/L","Humid","21.232","deg","131629","µV","38.926","°C","1014.000","hPa","36.0","pmil","0","55.560","deg","20.000","°C","100.000","%a.s.","22.340","deg","20.000","°C","962.000","hPa","0.861","-0.02617","0.00035","0","0","13.56","Humid","31.50","0","54.10","284120.22","SABD0002000014","AAV2.0.0.13","3.0.1.1413","PSt7-10","180509-029","9/13/2019 10:47:01 AM","0000-00","0","no battery","V"
"10/22/2019","10:34:42","10","default","328281339","OXY_CH10","11.351","min","129.519","μmol/L","Humid","21.236","deg","131636","µV","38.920","°C","1014.000","hPa","36.0","pmil","0","55.560","deg","20.000","°C","100.000","%a.s.","22.340","deg","20.000","°C","962.000","hPa","0.861","-0.02617","0.00035","0","0","13.56","Humid","31.50","0","54.10","284123.82","SABD0002000014","AAV2.0.0.13","3.0.1.1413","PSt7-10","180509-029","9/13/2019 10:47:01 AM","0000-00","0","no battery","V"
"10/22/2019","10:34:43","10","default","328281339","OXY_CH10","11.363","min","129.531","μmol/L","Humid","21.235","deg","131608","µV","38.920","°C","1014.000","hPa","36.0","pmil","0","55.560","deg","20.000","°C","100.000","%a.s.","22.340","deg","20.000","°C","962.000","hPa","0.861","-0.02617","0.00035","0","0","13.56","Humid","31.50","0","54.10","284084.89","SABD0002000014","AAV2.0.0.13","3.0.1.1413","PSt7-10","180509-029","9/13/2019 10:47:01 AM","0000-00","0","no battery","V"
"10/22/2019","10:34:44","10","default","328281339","OXY_CH10","11.381","min","129.509","μmol/L","Humid","21.231","deg","131620","µV","38.932","°C","1014.000","hPa","36.0","pmil","0","55.560","deg","20.000","°C","100.000","%a.s.","22.340","deg","20.000","°C","962.000","hPa","0.861","-0.02617","0.00035","0","0","13.56","Humid","31.50","0","54.10","284108.54","SABD0002000014","AAV2.0.0.13","3.0.1.1413","PSt7-10","180509-029","9/13/2019 10:47:01 AM","0000-00","0","no battery","V"
"10/22/2019","10:34:45","10","default","328281339","OXY_CH10","11.397","min","129.565","μmol/L","Humid","21.232","deg","131621","µV","38.920","°C","1014.000","hPa","36.0","pmil","0","55.560","deg","20.000","°C","100.000","%a.s.","22.340","deg","20.000","°C","962.000","hPa","0.861","-0.02617","0.00035","0","0","13.56","Humid","31.50","0","54.10","284097.52","SABD0002000014","AAV2.0.0.13","3.0.1.1413","PSt7-10","180509-029","9/13/2019 10:47:01 AM","0000-00","0","no battery","V"
"10/22/2019","10:34:46","10","default","328281339","OXY_CH10","11.414","min","129.520","μmol/L","Humid","21.233","deg","131628","µV","38.926","°C","1014.000","hPa","36.0","pmil","0","55.560","deg","20.000","°C","100.000","%a.s.","22.340","deg","20.000","°C","962.000","hPa","0.861","-0.02617","0.00035","0","0","13.56","Humid","31.50","0","54.10","284103.21","SABD0002000014","AAV2.0.0.13","3.0.1.1413","PSt7-10","180509-029","9/13/2019 10:47:01 AM","0000-00","0","no battery","V"
"10/22/2019","10:34:47","10","default","328281339","OXY_CH10","11.430","min","129.543","μmol/L","Humid","21.231","deg","131622","µV","38.926","°C","1014.000","hPa","36.0","pmil","0","55.560","deg","20.000","°C","100.000","%a.s.","22.340","deg","20.000","°C","962.000","hPa","0.861","-0.02617","0.00035","0","0","13.56","Humid","31.50","0","54.10","284104.05","SABD0002000014","AAV2.0.0.13","3.0.1.1413","PSt7-10","180509-029","9/13/2019 10:47:01 AM","0000-00","0","no battery","V"
"10/22/2019","10:34:48","10","default","328281339","OXY_CH10","11.447","min","129.508","μmol/L","Humid","21.234","deg","131628","µV","38.926","°C","1014.000","hPa","36.0","pmil","0","55.560","deg","20.000","°C","100.000","%a.s.","22.340","deg","20.000","°C","962.000","hPa","0.861","-0.02617","0.00035","0","0","13.56","Humid","31.50","0","54.10","284103.34","SABD0002000014","AAV2.0.0.13","3.0.1.1413","PSt7-10","180509-029","9/13/2019 10:47:01 AM","0000-00","0","no battery","V"
"10/22/2019","10:34:49","10","default","328281339","OXY_CH10","11.464","min","129.542","μmol/L","Humid","21.234","deg","131629","µV","38.920","°C","1014.000","hPa","36.0","pmil","0","55.560","deg","20.000","°C","100.000","%a.s.","22.340","deg","20.000","°C","962.000","hPa","0.861","-0.02617","0.00035","0","0","13.56","Humid","31.50","0","54.10","284104.43","SABD0002000014","AAV2.0.0.13","3.0.1.1413","PSt7-10","180509-029","9/13/2019 10:47:01 AM","0000-00","0","no battery","V"
"10/22/2019","10:34:50","10","default","328281339","OXY_CH10","11.481","min","129.542","μmol/L","Humid","21.234","deg","131636","µV","38.920","°C","1014.000","hPa","36.0","pmil","0","55.560","deg","20.000","°C","100.000","%a.s.","22.340","deg","20.000","°C","962.000","hPa","0.861","-0.02617","0.00035","0","0","13.56","Humid","31.50","0","54.10","284106.39","SABD0002000014","AAV2.0.0.13","3.0.1.1413","PSt7-10","180509-029","9/13/2019 10:47:01 AM","0000-00","0","no battery","V"
"10/22/2019","10:34:51","10","default","328281339","OXY_CH10","11.497","min","129.531","μmol/L","Humid","21.235","deg","131635","µV","38.920","°C","1014.000","hPa","36.0","pmil","0","55.560","deg","20.000","°C","100.000","%a.s.","22.340","deg","20.000","°C","962.000","hPa","0.861","-0.02617","0.00035","0","0","13.56","Humid","31.50","0","54.10","284097.14","SABD0002000014","AAV2.0.0.13","3.0.1.1413","PSt7-10","180509-029","9/13/2019 10:47:01 AM","0000-00","0","no battery","V"
"10/22/2019","10:34:52","10","default","328281339","OXY_CH10","11.514","min","129.531","μmol/L","Humid","21.235","deg","131637","µV","38.920","°C","1014.000","hPa","36.0","pmil","0","55.560","deg","20.000","°C","100.000","%a.s.","22.340","deg","20.000","°C","962.000","hPa","0.861","-0.02617","0.00035","0","0","13.56","Humid","31.50","0","54.10","284101.89","SABD0002000014","AAV2.0.0.13","3.0.1.1413","PSt7-10","180509-029","9/13/2019 10:47:01 AM","0000-00","0","no battery","V"
"10/22/2019","10:34:53","10","default","328281339","OXY_CH10","11.531","min","129.542","μmol/L","Humid","21.234","deg","131639","µV","38.920","°C","1014.000","hPa","36.0","pmil","0","55.560","deg","20.000","°C","100.000","%a.s.","22.340","deg","20.000","°C","962.000","hPa","0.861","-0.02617","0.00035","0","0","13.56","Humid","31.50","0","54.10","284101.79","SABD0002000014","AAV2.0.0.13","3.0.1.1413","PSt7-10","180509-029","9/13/2019 10:47:01 AM","0000-00","0","no battery","V"
"10/22/2019","10:34:54","10","default","328281339","OXY_CH10","11.547","min","129.508","μmol/L","Humid","21.234","deg","131641","µV","38.926","°C","1014.000","hPa","36.0","pmil","0","55.560","deg","20.000","°C","100.000","%a.s.","22.340","deg","20.000","°C","962.000","hPa","0.861","-0.02617","0.00035","0","0","13.56","Humid","31.50","0","54.10","284096.53","SABD0002000014","AAV2.0.0.13","3.0.1.1413","PSt7-10","180509-029","9/13/2019 10:47:01 AM","0000-00","0","no battery","V"
"10/22/2019","10:34:55","10","default","328281339","OXY_CH10","11.564","min","129.519","μmol/L","Humid","21.236","deg","131643","µV","38.920","°C","1014.000","hPa","36.0","pmil","0","55.560","deg","20.000","°C","100.000","%a.s.","22.340","deg","20.000","°C","962.000","hPa","0.861","-0.02617","0.00035","0","0","13.56","Humid","31.50","0","54.10","284097.44","SABD0002000014","AAV2.0.0.13","3.0.1.1413","PSt7-10","180509-029","9/13/2019 10:47:01 AM","0000-00","0","no battery","V"
"10/22/2019","10:34:56","10","default","328281339","OXY_CH10","11.581","min","129.508","μmol/L","Humid","21.237","deg","131645","µV","38.920","°C","1014.000","hPa","36.0","pmil","0","55.560","deg","20.000","°C","100.000","%a.s.","22.340","deg","20.000","°C","962.000","hPa","0.861","-0.02617","0.00035","0","0","13.56","Humid","31.50","0","54.10","284094.44","SABD0002000014","AAV2.0.0.13","3.0.1.1413","PSt7-10","180509-029","9/13/2019 10:47:01 AM","0000-00","0","no battery","V"
"10/22/2019","10:34:57","10","default","328281339","OXY_CH10","11.597","min","129.519","μmol/L","Humid","21.236","deg","131653","µV","38.920","°C","1014.000","hPa","36.0","pmil","0","55.560","deg","20.000","°C","100.000","%a.s.","22.340","deg","20.000","°C","962.000","hPa","0.861","-0.02617","0.00035","0","0","13.56","Humid","31.50","0","54.10","284101.79","SABD0002000014","AAV2.0.0.13","3.0.1.1413","PSt7-10","180509-029","9/13/2019 10:47:01 AM","0000-00","0","no battery","V"
"10/22/2019","10:34:58","10","default","328281339","OXY_CH10","11.614","min","129.486","μmol/L","Humid","21.236","deg","131660","µV","38.926","°C","1014.000","hPa","36.0","pmil","0","55.560","deg","20.000","°C","100.000","%a.s.","22.340","deg","20.000","°C","962.000","hPa","0.861","-0.02617","0.00035","0","0","13.56","Humid","31.50","0","54.10","284101.89","SABD0002000014","AAV2.0.0.13","3.0.1.1413","PSt7-10","180509-029","9/13/2019 10:47:01 AM","0000-00","0","no battery","V"
"10/22/2019","10:34:59","10","default","328281339","OXY_CH10","11.631","min","129.462","μmol/L","Humid","21.241","deg","131657","µV","38.920","°C","1014.000","hPa","36.0","pmil","0","55.560","deg","20.000","°C","100.000","%a.s.","22.340","deg","20.000","°C","962.000","hPa","0.861","-0.02617","0.00035","0","0","13.56","Humid","31.50","0","54.10","284103.54","SABD0002000014","AAV2.0.0.13","3.0.1.1413","PSt7-10","180509-029","9/13/2019 10:47:01 AM","0000-00","0","no battery","V"
"10/22/2019","10:35:00","10","default","328281339","OXY_CH10","11.647","min","129.508","μmol/L","Humid","21.240","deg","131662","µV","38.914","°C","1014.000","hPa","36.0","pmil","0","55.560","deg","20.000","°C","100.000","%a.s.","22.340","deg","20.000","°C","962.000","hPa","0.861","-0.02617","0.00035","0","0","13.56","Humid","31.50","0","54.10","284090.14","SABD0002000014","AAV2.0.0.13","3.0.1.1413","PSt7-10","180509-029","9/13/2019 10:47:01 AM","0000-00","0","no battery","V"
"10/22/2019","10:35:01","10","default","328281339","OXY_CH10","11.664","min","129.485","μmol/L","Humid","21.239","deg","131669","µV","38.920","°C","1014.000","hPa","36.0","pmil","0","55.560","deg","20.000","°C","100.000","%a.s.","22.340","deg","20.000","°C","962.000","hPa","0.861","-0.02617","0.00035","0","0","13.56","Humid","31.50","0","54.10","284097.25","SABD0002000014","AAV2.0.0.13","3.0.1.1413","PSt7-10","180509-029","9/13/2019 10:47:01 AM","0000-00","0","no battery","V"
"10/22/2019","10:35:02","10","default","328281339","OXY_CH10","11.680","min","129.519","μmol/L","Humid","21.239","deg","131663","µV","38.914","°C","1014.000","hPa","36.0","pmil","0","55.560","deg","20.000","°C","100.000","%a.s.","22.340","deg","20.000","°C","962.000","hPa","0.861","-0.02617","0.00035","0","0","13.56","Humid","31.50","0","54.10","284096.87","SABD0002000014","AAV2.0.0.13","3.0.1.1413","PSt7-10","180509-029","9/13/2019 10:47:01 AM","0000-00","0","no battery","V"
"10/22/2019","10:35:03","10","default","328281339","OXY_CH10","11.697","min","129.462","μmol/L","Humid","21.241","deg","131671","µV","38.920","°C","1014.000","hPa","36.0","pmil","0","55.560","deg","20.000","°C","100.000","%a.s.","22.340","deg","20.000","°C","962.000","hPa","0.861","-0.02617","0.00035","0","0","13.56","Humid","31.50","0","54.10","284097.96","SABD0002000014","AAV2.0.0.13","3.0.1.1413","PSt7-10","180509-029","9/13/2019 10:47:01 AM","0000-00","0","no battery","V"
"10/22/2019","10:35:04","10","default","328281339","OXY_CH10","11.714","min","129.496","μmol/L","Humid","21.241","deg","131661","µV","38.914","°C","1014.000","hPa","36.0","pmil","0","55.560","deg","20.000","°C","100.000","%a.s.","22.340","deg","20.000","°C","962.000","hPa","0.861","-0.02617","0.00035","0","0","13.56","Humid","31.50","0","54.10","284088.89","SABD0002000014","AAV2.0.0.13","3.0.1.1413","PSt7-10","180509-029","9/13/2019 10:47:01 AM","0000-00","0","no battery","V"
"10/22/2019","10:35:05","10","default","328281339","OXY_CH10","11.731","min","129.417","μmol/L","Humid","21.242","deg","131661","µV","38.926","°C","1014.000","hPa","36.0","pmil","0","55.560","deg","20.000","°C","100.000","%a.s.","22.340","deg","20.000","°C","962.000","hPa","0.861","-0.02617","0.00035","0","0","13.56","Humid","31.50","0","54.10","284085.57","SABD0002000014","AAV2.0.0.13","3.0.1.1413","PSt7-10","180509-029","9/13/2019 10:47:01 AM","0000-00","0","no battery","V"
"10/22/2019","10:35:06","10","default","328281339","OXY_CH10","11.747","min","129.496","μmol/L","Humid","21.241","deg","131649","µV","38.914","°C","1014.000","hPa","36.0","pmil","0","55.560","deg","20.000","°C","100.000","%a.s.","22.340","deg","20.000","°C","962.000","hPa","0.861","-0.02617","0.00035","0","0","13.56","Humid","31.50","0","54.10","284088.19","SABD0002000014","AAV2.0.0.13","3.0.1.1413","PSt7-10","180509-029","9/13/2019 10:47:01 AM","0000-00","0","no battery","V"
"10/22/2019","10:35:07","10","default","328281339","OXY_CH10","11.764","min","129.485","μmol/L","Humid","21.242","deg","131652","µV","38.914","°C","1014.000","hPa","36.0","pmil","0","55.560","deg","20.000","°C","100.000","%a.s.","22.340","deg","20.000","°C","962.000","hPa","0.861","-0.02617","0.00035","0","0","13.56","Humid","31.50","0","54.10","284085.06","SABD0002000014","AAV2.0.0.13","3.0.1.1413","PSt7-10","180509-029","9/13/2019 10:47:01 AM","0000-00","0","no battery","V"
"10/22/2019","10:35:08","10","default","328281339","OXY_CH10","11.781","min","129.451","μmol/L","Humid","21.242","deg","131666","µV","38.920","°C","1014.000","hPa","36.0","pmil","0","55.560","deg","20.000","°C","100.000","%a.s.","22.340","deg","20.000","°C","962.000","hPa","0.861","-0.02617","0.00035","0","0","13.56","Humid","31.50","0","54.10","284086.27","SABD0002000014","AAV2.0.0.13","3.0.1.1413","PSt7-10","180509-029","9/13/2019 10:47:01 AM","0000-00","0","no battery","V"
"10/22/2019","10:35:09","10","default","328281339","OXY_CH10","11.797","min","129.485","μmol/L","Humid","21.242","deg","131657","µV","38.914","°C","1014.000","hPa","36.0","pmil","0","55.560","deg","20.000","°C","100.000","%a.s.","22.340","deg","20.000","°C","962.000","hPa","0.861","-0.02617","0.00035","0","0","13.56","Humid","31.50","0","54.10","284086.91","SABD0002000014","AAV2.0.0.13","3.0.1.1413","PSt7-10","180509-029","9/13/2019 10:47:01 AM","0000-00","0","no battery","V"
"10/22/2019","10:35:10","10","default","328281339","OXY_CH10","11.814","min","129.496","μmol/L","Humid","21.241","deg","131661","µV","38.914","°C","1014.000","hPa","36.0","pmil","0","55.560","deg","20.000","°C","100.000","%a.s.","22.340","deg","20.000","°C","962.000","hPa","0.861","-0.02617","0.00035","0","0","13.56","Humid","31.50","0","54.10","284095.62","SABD0002000014","AAV2.0.0.13","3.0.1.1413","PSt7-10","180509-029","9/13/2019 10:47:01 AM","0000-00","0","no battery","V"
"10/22/2019","10:35:11","10","default","328281339","OXY_CH10","11.830","min","129.530","μmol/L","Humid","21.241","deg","131660","µV","38.908","°C","1014.000","hPa","36.0","pmil","0","55.560","deg","20.000","°C","100.000","%a.s.","22.340","deg","20.000","°C","962.000","hPa","0.861","-0.02617","0.00035","0","0","13.56","Humid","31.50","0","54.10","284087.99","SABD0002000014","AAV2.0.0.13","3.0.1.1413","PSt7-10","180509-029","9/13/2019 10:47:01 AM","0000-00","0","no battery","V"
"10/22/2019","10:35:12","10","default","328281339","OXY_CH10","11.847","min","129.462","μmol/L","Humid","21.244","deg","131669","µV","38.914","°C","1014.000","hPa","36.0","pmil","0","55.560","deg","20.000","°C","100.000","%a.s.","22.340","deg","20.000","°C","962.000","hPa","0.861","-0.02617","0.00035","0","0","13.56","Humid","31.50","0","54.10","284098.10","SABD0002000014","AAV2.0.0.13","3.0.1.1413","PSt7-10","180509-029","9/13/2019 10:47:01 AM","0000-00","0","no battery","V"
"10/22/2019","10:35:13","10","default","328281339","OXY_CH10","11.864","min","129.485","μmol/L","Humid","21.242","deg","131661","µV","38.914","°C","1014.000","hPa","36.0","pmil","0","55.560","deg","20.000","°C","100.000","%a.s.","22.340","deg","20.000","°C","962.000","hPa","0.861","-0.02617","0.00035","0","0","13.56","Humid","31.50","0","54.10","284082.70","SABD0002000014","AAV2.0.0.13","3.0.1.1413","PSt7-10","180509-029","9/13/2019 10:47:01 AM","0000-00","0","no battery","V"
"10/22/2019","10:35:14","10","default","328281339","OXY_CH10","11.880","min","129.462","μmol/L","Humid","21.244","deg","131659","µV","38.914","°C","1014.000","hPa","36.0","pmil","0","55.560","deg","20.000","°C","100.000","%a.s.","22.340","deg","20.000","°C","962.000","hPa","0.861","-0.02617","0.00035","0","0","13.56","Humid","31.50","0","54.10","284084.43","SABD0002000014","AAV2.0.0.13","3.0.1.1413","PSt7-10","180509-029","9/13/2019 10:47:01 AM","0000-00","0","no battery","V"
"10/22/2019","10:35:15","10","default","328281339","OXY_CH10","11.898","min","129.507","μmol/L","Humid","21.243","deg","131666","µV","38.908","°C","1014.000","hPa","36.0","pmil","0","55.560","deg","20.000","°C","100.000","%a.s.","22.340","deg","20.000","°C","962.000","hPa","0.861","-0.02617","0.00035","0","0","13.56","Humid","31.50","0","54.10","284090.06","SABD0002000014","AAV2.0.0.13","3.0.1.1413","PSt7-10","180509-029","9/13/2019 10:47:01 AM","0000-00","0","no battery","V"
"10/22/2019","10:35:16","10","default","328281339","OXY_CH10","11.914","min","129.496","μmol/L","Humid","21.241","deg","131672","µV","38.914","°C","1014.000","hPa","36.0","pmil","0","55.560","deg","20.000","°C","100.000","%a.s.","22.340","deg","20.000","°C","962.000","hPa","0.861","-0.02617","0.00035","0","0","13.56","Humid","31.50","0","54.10","284095.47","SABD0002000014","AAV2.0.0.13","3.0.1.1413","PSt7-10","180509-029","9/13/2019 10:47:01 AM","0000-00","0","no battery","V"
"10/22/2019","10:35:17","10","default","328281339","OXY_CH10","11.931","min","129.450","μmol/L","Humid","21.245","deg","131671","µV","38.914","°C","1014.000","hPa","36.0","pmil","0","55.560","deg","20.000","°C","100.000","%a.s.","22.340","deg","20.000","°C","962.000","hPa","0.861","-0.02617","0.00035","0","0","13.56","Humid","31.50","0","54.10","284082.56","SABD0002000014","AAV2.0.0.13","3.0.1.1413","PSt7-10","180509-029","9/13/2019 10:47:01 AM","0000-00","0","no battery","V"
"10/22/2019","10:35:18","10","default","328281339","OXY_CH10","11.947","min","129.450","μmol/L","Humid","21.245","deg","131673","µV","38.914","°C","1014.000","hPa","36.0","pmil","0","55.560","deg","20.000","°C","100.000","%a.s.","22.340","deg","20.000","°C","962.000","hPa","0.861","-0.02617","0.00035","0","0","13.56","Humid","31.50","0","54.10","284084.17","SABD0002000014","AAV2.0.0.13","3.0.1.1413","PSt7-10","180509-029","9/13/2019 10:47:01 AM","0000-00","0","no battery","V"
"10/22/2019","10:35:19","10","default","328281339","OXY_CH10","11.964","min","129.485","μmol/L","Humid","21.242","deg","131668","µV","38.914","°C","1014.000","hPa","36.0","pmil","0","55.560","deg","20.000","°C","100.000","%a.s.","22.340","deg","20.000","°C","962.000","hPa","0.861","-0.02617","0.00035","0","0","13.56","Humid","31.50","0","54.10","284083.15","SABD0002000014","AAV2.0.0.13","3.0.1.1413","PSt7-10","180509-029","9/13/2019 10:47:01 AM","0000-00","0","no battery","V"
"10/22/2019","10:35:20","10","default","328281339","OXY_CH10","11.981","min","129.473","μmol/L","Humid","21.243","deg","131674","µV","38.914","°C","1014.000","hPa","36.0","pmil","0","55.560","deg","20.000","°C","100.000","%a.s.","22.340","deg","20.000","°C","962.000","hPa","0.861","-0.02617","0.00035","0","0","13.56","Humid","31.50","0","54.10","284093.90","SABD0002000014","AAV2.0.0.13","3.0.1.1413","PSt7-10","180509-029","9/13/2019 10:47:01 AM","0000-00","0","no battery","V"
"10/22/2019","10:35:21","10","default","328281339","OXY_CH10","11.997","min","129.427","μmol/L","Humid","21.247","deg","131673","µV","38.914","°C","1014.000","hPa","36.0","pmil","0","55.560","deg","20.000","°C","100.000","%a.s.","22.340","deg","20.000","°C","962.000","hPa","0.861","-0.02617","0.00035","0","0","13.56","Humid","31.50","0","54.10","284094.69","SABD0002000014","AAV2.0.0.13","3.0.1.1413","PSt7-10","180509-029","9/13/2019 10:47:01 AM","0000-00","0","no battery","V"
"10/22/2019","10:35:22","10","default","328281339","OXY_CH10","12.014","min","129.450","μmol/L","Humid","21.245","deg","131672","µV","38.914","°C","1014.000","hPa","36.0","pmil","0","55.560","deg","20.000","°C","100.000","%a.s.","22.340","deg","20.000","°C","962.000","hPa","0.861","-0.02617","0.00035","0","0","13.56","Humid","31.50","0","54.10","284085.78","SABD0002000014","AAV2.0.0.13","3.0.1.1413","PSt7-10","180509-029","9/13/2019 10:47:01 AM","0000-00","0","no battery","V"
"10/22/2019","10:35:23","10","default","328281339","OXY_CH10","12.030","min","129.450","μmol/L","Humid","21.245","deg","131676","µV","38.914","°C","1014.000","hPa","36.0","pmil","0","55.560","deg","20.000","°C","100.000","%a.s.","22.340","deg","20.000","°C","962.000","hPa","0.861","-0.02617","0.00035","0","0","13.56","Humid","31.50","0","54.10","284086.29","SABD0002000014","AAV2.0.0.13","3.0.1.1413","PSt7-10","180509-029","9/13/2019 10:47:01 AM","0000-00","0","no battery","V"
"10/22/2019","10:35:24","10","default","328281339","OXY_CH10","12.048","min","129.405","μmol/L","Humid","21.246","deg","131682","µV","38.920","°C","1014.000","hPa","36.0","pmil","0","55.560","deg","20.000","°C","100.000","%a.s.","22.340","deg","20.000","°C","962.000","hPa","0.861","-0.02617","0.00035","0","0","13.56","Humid","31.50","0","54.10","284095.21","SABD0002000014","AAV2.0.0.13","3.0.1.1413","PSt7-10","180509-029","9/13/2019 10:47:01 AM","0000-00","0","no battery","V"
"10/22/2019","10:35:25","10","default","328281339","OXY_CH10","12.064","min","129.450","μmol/L","Humid","21.245","deg","131691","µV","38.914","°C","1014.000","hPa","36.0","pmil","0","55.560","deg","20.000","°C","100.000","%a.s.","22.340","deg","20.000","°C","962.000","hPa","0.861","-0.02617","0.00035","0","0","13.56","Humid","31.50","0","54.10","284079.12","SABD0002000014","AAV2.0.0.13","3.0.1.1413","PSt7-10","180509-029","9/13/2019 10:47:01 AM","0000-00","0","no battery","V"
"10/22/2019","10:35:26","10","default","328281339","OXY_CH10","12.081","min","129.382","μmol/L","Humid","21.251","deg","131699","µV","38.914","°C","1014.000","hPa","36.0","pmil","0","55.560","deg","20.000","°C","100.000","%a.s.","22.340","deg","20.000","°C","962.000","hPa","0.861","-0.02617","0.00035","0","0","13.56","Humid","31.50","0","54.10","284095.54","SABD0002000014","AAV2.0.0.13","3.0.1.1413","PSt7-10","180509-029","9/13/2019 10:47:01 AM","0000-00","0","no battery","V"
"10/22/2019","10:35:27","10","default","328281339","OXY_CH10","12.098","min","129.416","μmol/L","Humid","21.248","deg","131686","µV","38.914","°C","1014.000","hPa","36.0","pmil","0","55.560","deg","20.000","°C","100.000","%a.s.","22.340","deg","20.000","°C","962.000","hPa","0.861","-0.02617","0.00035","0","0","13.56","Humid","31.50","0","54.10","284085.13","SABD0002000014","AAV2.0.0.13","3.0.1.1413","PSt7-10","180509-029","9/13/2019 10:47:01 AM","0000-00","0","no battery","V"
"10/22/2019","10:35:28","10","default","328281339","OXY_CH10","12.114","min","129.382","μmol/L","Humid","21.248","deg","131674","µV","38.920","°C","1014.000","hPa","36.0","pmil","0","55.560","deg","20.000","°C","100.000","%a.s.","22.340","deg","20.000","°C","962.000","hPa","0.861","-0.02617","0.00035","0","0","13.56","Humid","31.50","0","54.10","284078.27","SABD0002000014","AAV2.0.0.13","3.0.1.1413","PSt7-10","180509-029","9/13/2019 10:47:01 AM","0000-00","0","no battery","V"
"10/22/2019","10:35:29","10","default","328281339","OXY_CH10","12.130","min","129.439","μmol/L","Humid","21.246","deg","131683","µV","38.914","°C","1014.000","hPa","36.0","pmil","0","55.560","deg","20.000","°C","100.000","%a.s.","22.340","deg","20.000","°C","962.000","hPa","0.861","-0.02617","0.00035","0","0","13.56","Humid","31.50","0","54.10","284083.22","SABD0002000014","AAV2.0.0.13","3.0.1.1413","PSt7-10","180509-029","9/13/2019 10:47:01 AM","0000-00","0","no battery","V"
"10/22/2019","10:35:30","10","default","328281339","OXY_CH10","12.147","min","129.382","μmol/L","Humid","21.248","deg","131689","µV","38.920","°C","1014.000","hPa","36.0","pmil","0","55.560","deg","20.000","°C","100.000","%a.s.","22.340","deg","20.000","°C","962.000","hPa","0.861","-0.02617","0.00035","0","0","13.56","Humid","31.50","0","54.10","284087.01","SABD0002000014","AAV2.0.0.13","3.0.1.1413","PSt7-10","180509-029","9/13/2019 10:47:01 AM","0000-00","0","no battery","V"
"10/22/2019","10:35:31","10","default","328281339","OXY_CH10","12.164","min","129.438","μmol/L","Humid","21.249","deg","131681","µV","38.908","°C","1014.000","hPa","36.0","pmil","0","55.560","deg","20.000","°C","100.000","%a.s.","22.340","deg","20.000","°C","962.000","hPa","0.861","-0.02617","0.00035","0","0","13.56","Humid","31.50","0","54.10","284080.03","SABD0002000014","AAV2.0.0.13","3.0.1.1413","PSt7-10","180509-029","9/13/2019 10:47:01 AM","0000-00","0","no battery","V"
"10/22/2019","10:35:32","10","default","328281339","OXY_CH10","12.180","min","129.359","μmol/L","Humid","21.250","deg","131684","µV","38.920","°C","1014.000","hPa","36.0","pmil","0","55.560","deg","20.000","°C","100.000","%a.s.","22.340","deg","20.000","°C","962.000","hPa","0.861","-0.02617","0.00035","0","0","13.56","Humid","31.50","0","54.10","284092.19","SABD0002000014","AAV2.0.0.13","3.0.1.1413","PSt7-10","180509-029","9/13/2019 10:47:01 AM","0000-00","0","no battery","V"
"10/22/2019","10:35:33","10","default","328281339","OXY_CH10","12.197","min","129.450","μmol/L","Humid","21.248","deg","131688","µV","38.908","°C","1014.000","hPa","36.0","pmil","0","55.560","deg","20.000","°C","100.000","%a.s.","22.340","deg","20.000","°C","962.000","hPa","0.861","-0.02617","0.00035","0","0","13.56","Humid","31.50","0","54.10","284083.86","SABD0002000014","AAV2.0.0.13","3.0.1.1413","PSt7-10","180509-029","9/13/2019 10:47:01 AM","0000-00","0","no battery","V"
"10/22/2019","10:35:34","10","default","328281339","OXY_CH10","12.214","min","129.427","μmol/L","Humid","21.247","deg","131687","µV","38.914","°C","1014.000","hPa","36.0","pmil","0","55.560","deg","20.000","°C","100.000","%a.s.","22.340","deg","20.000","°C","962.000","hPa","0.861","-0.02617","0.00035","0","0","13.56","Humid","31.50","0","54.10","284082.81","SABD0002000014","AAV2.0.0.13","3.0.1.1413","PSt7-10","180509-029","9/13/2019 10:47:01 AM","0000-00","0","no battery","V"
"10/22/2019","10:35:35","10","default","328281339","OXY_CH10","12.231","min","129.382","μmol/L","Humid","21.251","deg","131699","µV","38.914","°C","1014.000","hPa","36.0","pmil","0","55.560","deg","20.000","°C","100.000","%a.s.","22.340","deg","20.000","°C","962.000","hPa","0.861","-0.02617","0.00035","0","0","13.56","Humid","31.50","0","54.10","284089.07","SABD0002000014","AAV2.0.0.13","3.0.1.1413","PSt7-10","180509-029","9/13/2019 10:47:01 AM","0000-00","0","no battery","V"
"10/22/2019","10:35:36","10","default","328281339","OXY_CH10","12.248","min","129.438","μmol/L","Humid","21.249","deg","131697","µV","38.908","°C","1014.000","hPa","36.0","pmil","0","55.560","deg","20.000","°C","100.000","%a.s.","22.340","deg","20.000","°C","962.000","hPa","0.861","-0.02617","0.00035","0","0","13.56","Humid","31.50","0","54.10","284091.00","SABD0002000014","AAV2.0.0.13","3.0.1.1413","PSt7-10","180509-029","9/13/2019 10:47:01 AM","0000-00","0","no battery","V"
"10/22/2019","10:35:37","10","default","328281339","OXY_CH10","12.264","min","129.438","μmol/L","Humid","21.249","deg","131697","µV","38.908","°C","1014.000","hPa","36.0","pmil","0","55.560","deg","20.000","°C","100.000","%a.s.","22.340","deg","20.000","°C","962.000","hPa","0.861","-0.02617","0.00035","0","0","13.56","Humid","31.50","0","54.10","284071.61","SABD0002000014","AAV2.0.0.13","3.0.1.1413","PSt7-10","180509-029","9/13/2019 10:47:01 AM","0000-00","0","no battery","V"
"10/22/2019","10:35:38","10","default","328281339","OXY_CH10","12.281","min","129.405","μmol/L","Humid","21.249","deg","131697","µV","38.914","°C","1014.000","hPa","36.0","pmil","0","55.560","deg","20.000","°C","100.000","%a.s.","22.340","deg","20.000","°C","962.000","hPa","0.861","-0.02617","0.00035","0","0","13.56","Humid","31.50","0","54.10","284083.40","SABD0002000014","AAV2.0.0.13","3.0.1.1413","PSt7-10","180509-029","9/13/2019 10:47:01 AM","0000-00","0","no battery","V"
"10/22/2019","10:35:39","10","default","328281339","OXY_CH10","12.297","min","129.438","μmol/L","Humid","21.249","deg","131698","µV","38.908","°C","1014.000","hPa","36.0","pmil","0","55.560","deg","20.000","°C","100.000","%a.s.","22.340","deg","20.000","°C","962.000","hPa","0.861","-0.02617","0.00035","0","0","13.56","Humid","31.50","0","54.10","284079.45","SABD0002000014","AAV2.0.0.13","3.0.1.1413","PSt7-10","180509-029","9/13/2019 10:47:01 AM","0000-00","0","no battery","V"
"10/22/2019","10:35:40","10","default","328281339","OXY_CH10","12.314","min","129.438","μmol/L","Humid","21.252","deg","131697","µV","38.902","°C","1014.000","hPa","36.0","pmil","0","55.560","deg","20.000","°C","100.000","%a.s.","22.340","deg","20.000","°C","962.000","hPa","0.861","-0.02617","0.00035","0","0","13.56","Humid","31.50","0","54.10","284085.34","SABD0002000014","AAV2.0.0.13","3.0.1.1413","PSt7-10","180509-029","9/13/2019 10:47:01 AM","0000-00","0","no battery","V"
"10/22/2019","10:35:41","10","default","328281339","OXY_CH10","12.331","min","129.415","μmol/L","Humid","21.251","deg","131701","µV","38.908","°C","1014.000","hPa","36.0","pmil","0","55.560","deg","20.000","°C","100.000","%a.s.","22.340","deg","20.000","°C","962.000","hPa","0.861","-0.02617","0.00035","0","0","13.56","Humid","31.50","0","54.10","284076.26","SABD0002000014","AAV2.0.0.13","3.0.1.1413","PSt7-10","180509-029","9/13/2019 10:47:01 AM","0000-00","0","no battery","V"
"10/22/2019","10:35:42","10","default","328281339","OXY_CH10","12.347","min","129.427","μmol/L","Humid","21.250","deg","131698","µV","38.908","°C","1014.000","hPa","36.0","pmil","0","55.560","deg","20.000","°C","100.000","%a.s.","22.340","deg","20.000","°C","962.000","hPa","0.861","-0.02617","0.00035","0","0","13.56","Humid","31.50","0","54.10","284077.45","SABD0002000014","AAV2.0.0.13","3.0.1.1413","PSt7-10","180509-029","9/13/2019 10:47:01 AM","0000-00","0","no battery","V"
"10/22/2019","10:35:43","10","default","328281339","OXY_CH10","12.364","min","129.370","μmol/L","Humid","21.252","deg","131703","µV","38.914","°C","1014.000","hPa","36.0","pmil","0","55.560","deg","20.000","°C","100.000","%a.s.","22.340","deg","20.000","°C","962.000","hPa","0.861","-0.02617","0.00035","0","0","13.56","Humid","31.50","0","54.10","284079.45","SABD0002000014","AAV2.0.0.13","3.0.1.1413","PSt7-10","180509-029","9/13/2019 10:47:01 AM","0000-00","0","no battery","V"
"10/22/2019","10:35:44","10","default","328281339","OXY_CH10","12.381","min","129.438","μmol/L","Humid","21.252","deg","131708","µV","38.902","°C","1014.000","hPa","36.0","pmil","0","55.560","deg","20.000","°C","100.000","%a.s.","22.340","deg","20.000","°C","962.000","hPa","0.861","-0.02617","0.00035","0","0","13.56","Humid","31.50","0","54.10","284089.39","SABD0002000014","AAV2.0.0.13","3.0.1.1413","PSt7-10","180509-029","9/13/2019 10:47:01 AM","0000-00","0","no battery","V"
"10/22/2019","10:35:45","10","default","328281339","OXY_CH10","12.397","min","129.415","μmol/L","Humid","21.254","deg","131716","µV","38.902","°C","1014.000","hPa","36.0","pmil","0","55.560","deg","20.000","°C","100.000","%a.s.","22.340","deg","20.000","°C","962.000","hPa","0.861","-0.02617","0.00035","0","0","13.56","Humid","31.50","0","54.10","284083.33","SABD0002000014","AAV2.0.0.13","3.0.1.1413","PSt7-10","180509-029","9/13/2019 10:47:01 AM","0000-00","0","no battery","V"
"10/22/2019","10:35:46","10","default","328281339","OXY_CH10","12.414","min","129.392","μmol/L","Humid","21.256","deg","131714","µV","38.902","°C","1014.000","hPa","36.0","pmil","0","55.560","deg","20.000","°C","100.000","%a.s.","22.340","deg","20.000","°C","962.000","hPa","0.861","-0.02617","0.00035","0","0","13.56","Humid","31.50","0","54.10","284082.87","SABD0002000014","AAV2.0.0.13","3.0.1.1413","PSt7-10","180509-029","9/13/2019 10:47:01 AM","0000-00","0","no battery","V"
"10/22/2019","10:35:47","10","default","328281339","OXY_CH10","12.431","min","129.347","μmol/L","Humid","21.254","deg","131720","µV","38.914","°C","1014.000","hPa","36.0","pmil","0","55.560","deg","20.000","°C","100.000","%a.s.","22.340","deg","20.000","°C","962.000","hPa","0.861","-0.02617","0.00035","0","0","13.56","Humid","31.50","0","54.10","284084.74","SABD0002000014","AAV2.0.0.13","3.0.1.1413","PSt7-10","180509-029","9/13/2019 10:47:01 AM","0000-00","0","no battery","V"
"10/22/2019","10:35:48","10","default","328281339","OXY_CH10","12.448","min","129.404","μmol/L","Humid","21.255","deg","131724","µV","38.902","°C","1014.000","hPa","36.0","pmil","0","55.560","deg","20.000","°C","100.000","%a.s.","22.340","deg","20.000","°C","962.000","hPa","0.861","-0.02617","0.00035","0","0","13.56","Humid","31.50","0","54.10","284084.92","SABD0002000014","AAV2.0.0.13","3.0.1.1413","PSt7-10","180509-029","9/13/2019 10:47:01 AM","0000-00","0","no battery","V"
"10/22/2019","10:35:49","10","default","328281339","OXY_CH10","12.464","min","129.404","μmol/L","Humid","21.255","deg","131722","µV","38.902","°C","1014.000","hPa","36.0","pmil","0","55.560","deg","20.000","°C","100.000","%a.s.","22.340","deg","20.000","°C","962.000","hPa","0.861","-0.02617","0.00035","0","0","13.56","Humid","31.50","0","54.10","284078.74","SABD0002000014","AAV2.0.0.13","3.0.1.1413","PSt7-10","180509-029","9/13/2019 10:47:01 AM","0000-00","0","no battery","V"
"10/22/2019","10:35:50","10","default","328281339","OXY_CH10","12.480","min","129.358","μmol/L","Humid","21.256","deg","131722","µV","38.908","°C","1014.000","hPa","36.0","pmil","0","55.560","deg","20.000","°C","100.000","%a.s.","22.340","deg","20.000","°C","962.000","hPa","0.861","-0.02617","0.00035","0","0","13.56","Humid","31.50","0","54.10","284073.11","SABD0002000014","AAV2.0.0.13","3.0.1.1413","PSt7-10","180509-029","9/13/2019 10:47:01 AM","0000-00","0","no battery","V"
"10/22/2019","10:35:51","10","default","328281339","OXY_CH10","12.497","min","129.415","μmol/L","Humid","21.254","deg","131733","µV","38.902","°C","1014.000","hPa","36.0","pmil","0","55.560","deg","20.000","°C","100.000","%a.s.","22.340","deg","20.000","°C","962.000","hPa","0.861","-0.02617","0.00035","0","0","13.56","Humid","31.50","0","54.10","284075.48","SABD0002000014","AAV2.0.0.13","3.0.1.1413","PSt7-10","180509-029","9/13/2019 10:47:01 AM","0000-00","0","no battery","V"
"10/22/2019","10:35:52","10","default","328281339","OXY_CH10","12.514","min","129.313","μmol/L","Humid","21.257","deg","131731","µV","38.914","°C","1014.000","hPa","36.0","pmil","0","55.560","deg","20.000","°C","100.000","%a.s.","22.340","deg","20.000","°C","962.000","hPa","0.861","-0.02617","0.00035","0","0","13.56","Humid","31.50","0","54.10","284075.95","SABD0002000014","AAV2.0.0.13","3.0.1.1413","PSt7-10","180509-029","9/13/2019 10:47:01 AM","0000-00","0","no battery","V"
"10/22/2019","10:35:53","10","default","328281339","OXY_CH10","12.531","min","129.381","μmol/L","Humid","21.254","deg","131739","µV","38.908","°C","1014.000","hPa","36.0","pmil","0","55.560","deg","20.000","°C","100.000","%a.s.","22.340","deg","20.000","°C","962.000","hPa","0.861","-0.02617","0.00035","0","0","13.56","Humid","31.50","0","54.10","284079.73","SABD0002000014","AAV2.0.0.13","3.0.1.1413","PSt7-10","180509-029","9/13/2019 10:47:01 AM","0000-00","0","no battery","V"
"10/22/2019","10:35:54","10","default","328281339","OXY_CH10","12.547","min","129.324","μmol/L","Humid","21.259","deg","131730","µV","38.908","°C","1014.000","hPa","36.0","pmil","0","55.560","deg","20.000","°C","100.000","%a.s.","22.340","deg","20.000","°C","962.000","hPa","0.861","-0.02617","0.00035","0","0","13.56","Humid","31.50","0","54.10","284075.83","SABD0002000014","AAV2.0.0.13","3.0.1.1413","PSt7-10","180509-029","9/13/2019 10:47:01 AM","0000-00","0","no battery","V"
"10/22/2019","10:35:55","10","default","328281339","OXY_CH10","12.564","min","129.369","μmol/L","Humid","21.258","deg","131737","µV","38.902","°C","1014.000","hPa","36.0","pmil","0","55.560","deg","20.000","°C","100.000","%a.s.","22.340","deg","20.000","°C","962.000","hPa","0.861","-0.02617","0.00035","0","0","13.56","Humid","31.50","0","54.10","284066.87","SABD0002000014","AAV2.0.0.13","3.0.1.1413","PSt7-10","180509-029","9/13/2019 10:47:01 AM","0000-00","0","no battery","V"
"10/22/2019","10:35:56","10","default","328281339","OXY_CH10","12.581","min","129.347","μmol/L","Humid","21.257","deg","131761","µV","38.908","°C","1014.000","hPa","36.0","pmil","0","55.560","deg","20.000","°C","100.000","%a.s.","22.340","deg","20.000","°C","962.000","hPa","0.861","-0.02617","0.00035","0","0","13.56","Humid","31.50","0","54.10","284080.06","SABD0002000014","AAV2.0.0.13","3.0.1.1413","PSt7-10","180509-029","9/13/2019 10:47:01 AM","0000-00","0","no battery","V"
"10/22/2019","10:35:57","10","default","328281339","OXY_CH10","12.597","min","129.290","μmol/L","Humid","21.259","deg","131742","µV","38.914","°C","1014.000","hPa","36.0","pmil","0","55.560","deg","20.000","°C","100.000","%a.s.","22.340","deg","20.000","°C","962.000","hPa","0.861","-0.02617","0.00035","0","0","13.56","Humid","31.50","0","54.10","284069.57","SABD0002000014","AAV2.0.0.13","3.0.1.1413","PSt7-10","180509-029","9/13/2019 10:47:01 AM","0000-00","0","no battery","V"
"10/22/2019","10:35:58","10","default","328281339","OXY_CH10","12.614","min","129.313","μmol/L","Humid","21.260","deg","131753","µV","38.908","°C","1014.000","hPa","36.0","pmil","0","55.560","deg","20.000","°C","100.000","%a.s.","22.340","deg","20.000","°C","962.000","hPa","0.861","-0.02617","0.00035","0","0","13.56","Humid","31.50","0","54.10","284080.79","SABD0002000014","AAV2.0.0.13","3.0.1.1413","PSt7-10","180509-029","9/13/2019 10:47:01 AM","0000-00","0","no battery","V"
"10/22/2019","10:35:59","10","default","328281339","OXY_CH10","12.631","min","129.381","μmol/L","Humid","21.254","deg","131749","µV","38.908","°C","1014.000","hPa","36.0","pmil","0","55.560","deg","20.000","°C","100.000","%a.s.","22.340","deg","20.000","°C","962.000","hPa","0.861","-0.02617","0.00035","0","0","13.56","Humid","31.50","0","54.10","284080.00","SABD0002000014","AAV2.0.0.13","3.0.1.1413","PSt7-10","180509-029","9/13/2019 10:47:01 AM","0000-00","0","no battery","V"
"10/22/2019","10:36:00","10","default","328281339","OXY_CH10","12.647","min","129.267","μmol/L","Humid","21.261","deg","131751","µV","38.914","°C","1014.000","hPa","36.0","pmil","0","55.560","deg","20.000","°C","100.000","%a.s.","22.340","deg","20.000","°C","962.000","hPa","0.861","-0.02617","0.00035","0","0","13.56","Humid","31.50","0","54.10","284079.87","SABD0002000014","AAV2.0.0.13","3.0.1.1413","PSt7-10","180509-029","9/13/2019 10:47:01 AM","0000-00","0","no battery","V"
"10/22/2019","10:36:01","10","default","328281339","OXY_CH10","12.664","min","129.369","μmol/L","Humid","21.258","deg","131746","µV","38.902","°C","1014.000","hPa","36.0","pmil","0","55.560","deg","20.000","°C","100.000","%a.s.","22.340","deg","20.000","°C","962.000","hPa","0.861","-0.02617","0.00035","0","0","13.56","Humid","31.50","0","54.10","284073.39","SABD0002000014","AAV2.0.0.13","3.0.1.1413","PSt7-10","180509-029","9/13/2019 10:47:01 AM","0000-00","0","no battery","V"
"10/22/2019","10:36:02","10","default","328281339","OXY_CH10","12.680","min","129.358","μmol/L","Humid","21.259","deg","131737","µV","38.902","°C","1014.000","hPa","36.0","pmil","0","55.560","deg","20.000","°C","100.000","%a.s.","22.340","deg","20.000","°C","962.000","hPa","0.861","-0.02617","0.00035","0","0","13.56","Humid","31.50","0","54.10","284075.42","SABD0002000014","AAV2.0.0.13","3.0.1.1413","PSt7-10","180509-029","9/13/2019 10:47:01 AM","0000-00","0","no battery","V"
"10/22/2019","10:36:03","10","default","328281339","OXY_CH10","12.697","min","129.347","μmol/L","Humid","21.257","deg","131734","µV","38.908","°C","1014.000","hPa","36.0","pmil","0","55.560","deg","20.000","°C","100.000","%a.s.","22.340","deg","20.000","°C","962.000","hPa","0.861","-0.02617","0.00035","0","0","13.56","Humid","31.50","0","54.10","284068.46","SABD0002000014","AAV2.0.0.13","3.0.1.1413","PSt7-10","180509-029","9/13/2019 10:47:01 AM","0000-00","0","no battery","V"
"10/22/2019","10:36:04","10","default","328281339","OXY_CH10","12.714","min","129.346","μmol/L","Humid","21.260","deg","131739","µV","38.902","°C","1014.000","hPa","36.0","pmil","0","55.560","deg","20.000","°C","100.000","%a.s.","22.340","deg","20.000","°C","962.000","hPa","0.861","-0.02617","0.00035","0","0","13.56","Humid","31.50","0","54.10","284074.82","SABD0002000014","AAV2.0.0.13","3.0.1.1413","PSt7-10","180509-029","9/13/2019 10:47:01 AM","0000-00","0","no battery","V"
"10/22/2019","10:36:05","10","default","328281339","OXY_CH10","12.730","min","129.346","μmol/L","Humid","21.260","deg","131745","µV","38.902","°C","1014.000","hPa","36.0","pmil","0","55.560","deg","20.000","°C","100.000","%a.s.","22.340","deg","20.000","°C","962.000","hPa","0.861","-0.02617","0.00035","0","0","13.56","Humid","31.50","0","54.10","284077.75","SABD0002000014","AAV2.0.0.13","3.0.1.1413","PSt7-10","180509-029","9/13/2019 10:47:01 AM","0000-00","0","no battery","V"
"10/22/2019","10:36:06","10","default","328281339","OXY_CH10","12.747","min","129.301","μmol/L","Humid","21.261","deg","131739","µV","38.908","°C","1014.000","hPa","36.0","pmil","0","55.560","deg","20.000","°C","100.000","%a.s.","22.340","deg","20.000","°C","962.000","hPa","0.861","-0.02617","0.00035","0","0","13.56","Humid","31.50","0","54.10","284071.19","SABD0002000014","AAV2.0.0.13","3.0.1.1413","PSt7-10","180509-029","9/13/2019 10:47:01 AM","0000-00","0","no battery","V"
"10/22/2019","10:36:07","10","default","328281339","OXY_CH10","12.763","min","129.335","μmol/L","Humid","21.258","deg","131744","µV","38.908","°C","1014.000","hPa","36.0","pmil","0","55.560","deg","20.000","°C","100.000","%a.s.","22.340","deg","20.000","°C","962.000","hPa","0.861","-0.02617","0.00035","0","0","13.56","Humid","31.50","0","54.10","284073.91","SABD0002000014","AAV2.0.0.13","3.0.1.1413","PSt7-10","180509-029","9/13/2019 10:47:01 AM","0000-00","0","no battery","V"
"10/22/2019","10:36:08","10","default","328281339","OXY_CH10","12.780","min","129.278","μmol/L","Humid","21.263","deg","131746","µV","38.908","°C","1014.000","hPa","36.0","pmil","0","55.560","deg","20.000","°C","100.000","%a.s.","22.340","deg","20.000","°C","962.000","hPa","0.861","-0.02617","0.00035","0","0","13.56","Humid","31.50","0","54.10","284070.94","SABD0002000014","AAV2.0.0.13","3.0.1.1413","PSt7-10","180509-029","9/13/2019 10:47:01 AM","0000-00","0","no battery","V"
"10/22/2019","10:36:09","10","default","328281339","OXY_CH10","12.797","min","129.346","μmol/L","Humid","21.260","deg","131749","µV","38.902","°C","1014.000","hPa","36.0","pmil","0","55.560","deg","20.000","°C","100.000","%a.s.","22.340","deg","20.000","°C","962.000","hPa","0.861","-0.02617","0.00035","0","0","13.56","Humid","31.50","0","54.10","284061.94","SABD0002000014","AAV2.0.0.13","3.0.1.1413","PSt7-10","180509-029","9/13/2019 10:47:01 AM","0000-00","0","no battery","V"
"10/22/2019","10:36:10","10","default","328281339","OXY_CH10","12.814","min","129.346","μmol/L","Humid","21.260","deg","131749","µV","38.902","°C","1014.000","hPa","36.0","pmil","0","55.560","deg","20.000","°C","100.000","%a.s.","22.340","deg","20.000","°C","962.000","hPa","0.861","-0.02617","0.00035","0","0","13.56","Humid","31.50","0","54.10","284068.58","SABD0002000014","AAV2.0.0.13","3.0.1.1413","PSt7-10","180509-029","9/13/2019 10:47:01 AM","0000-00","0","no battery","V"
"10/22/2019","10:36:11","10","default","328281339","OXY_CH10","12.830","min","129.313","μmol/L","Humid","21.260","deg","131751","µV","38.908","°C","1014.000","hPa","36.0","pmil","0","55.560","deg","20.000","°C","100.000","%a.s.","22.340","deg","20.000","°C","962.000","hPa","0.861","-0.02617","0.00035","0","0","13.56","Humid","31.50","0","54.10","284068.62","SABD0002000014","AAV2.0.0.13","3.0.1.1413","PSt7-10","180509-029","9/13/2019 10:47:01 AM","0000-00","0","no battery","V"
"10/22/2019","10:36:12","10","default","328281339","OXY_CH10","12.847","min","129.335","μmol/L","Humid","21.258","deg","131747","µV","38.908","°C","1014.000","hPa","36.0","pmil","0","55.560","deg","20.000","°C","100.000","%a.s.","22.340","deg","20.000","°C","962.000","hPa","0.861","-0.02617","0.00035","0","0","13.56","Humid","31.50","0","54.10","284064.59","SABD0002000014","AAV2.0.0.13","3.0.1.1413","PSt7-10","180509-029","9/13/2019 10:47:01 AM","0000-00","0","no battery","V"
"10/22/2019","10:36:13","10","default","328281339","OXY_CH10","12.864","min","129.369","μmol/L","Humid","21.258","deg","131749","µV","38.902","°C","1014.000","hPa","36.0","pmil","0","55.560","deg","20.000","°C","100.000","%a.s.","22.340","deg","20.000","°C","962.000","hPa","0.861","-0.02617","0.00035","0","0","13.56","Humid","31.50","0","54.10","284070.36","SABD0002000014","AAV2.0.0.13","3.0.1.1413","PSt7-10","180509-029","9/13/2019 10:47:01 AM","0000-00","0","no battery","V"
"10/22/2019","10:36:14","10","default","328281339","OXY_CH10","12.881","min","129.301","μmol/L","Humid","21.264","deg","131749","µV","38.902","°C","1014.000","hPa","36.0","pmil","0","55.560","deg","20.000","°C","100.000","%a.s.","22.340","deg","20.000","°C","962.000","hPa","0.861","-0.02617","0.00035","0","0","13.56","Humid","31.50","0","54.10","284069.88","SABD0002000014","AAV2.0.0.13","3.0.1.1413","PSt7-10","180509-029","9/13/2019 10:47:01 AM","0000-00","0","no battery","V"
"10/22/2019","10:36:15","10","default","328281339","OXY_CH10","12.897","min","129.324","μmol/L","Humid","21.262","deg","131747","µV","38.902","°C","1014.000","hPa","36.0","pmil","0","55.560","deg","20.000","°C","100.000","%a.s.","22.340","deg","20.000","°C","962.000","hPa","0.861","-0.02617","0.00035","0","0","13.56","Humid","31.50","0","54.10","284070.87","SABD0002000014","AAV2.0.0.13","3.0.1.1413","PSt7-10","180509-029","9/13/2019 10:47:01 AM","0000-00","0","no battery","V"
"10/22/2019","10:36:16","10","default","328281339","OXY_CH10","12.914","min","129.324","μmol/L","Humid","21.262","deg","131748","µV","38.902","°C","1014.000","hPa","36.0","pmil","0","55.560","deg","20.000","°C","100.000","%a.s.","22.340","deg","20.000","°C","962.000","hPa","0.861","-0.02617","0.00035","0","0","13.56","Humid","31.50","0","54.10","284056.33","SABD0002000014","AAV2.0.0.13","3.0.1.1413","PSt7-10","180509-029","9/13/2019 10:47:01 AM","0000-00","0","no battery","V"
"10/22/2019","10:36:17","10","default","328281339","OXY_CH10","12.931","min","129.267","μmol/L","Humid","21.261","deg","131751","µV","38.914","°C","1014.000","hPa","36.0","pmil","0","55.560","deg","20.000","°C","100.000","%a.s.","22.340","deg","20.000","°C","962.000","hPa","0.861","-0.02617","0.00035","0","0","13.56","Humid","31.50","0","54.10","284071.42","SABD0002000014","AAV2.0.0.13","3.0.1.1413","PSt7-10","180509-029","9/13/2019 10:47:01 AM","0000-00","0","no battery","V"
"10/22/2019","10:36:18","10","default","328281339","OXY_CH10","12.947","min","129.313","μmol/L","Humid","21.260","deg","131748","µV","38.908","°C","1014.000","hPa","36.0","pmil","0","55.560","deg","20.000","°C","100.000","%a.s.","22.340","deg","20.000","°C","962.000","hPa","0.861","-0.02617","0.00035","0","0","13.56","Humid","31.50","0","54.10","284067.14","SABD0002000014","AAV2.0.0.13","3.0.1.1413","PSt7-10","180509-029","9/13/2019 10:47:01 AM","0000-00","0","no battery","V"
"10/22/2019","10:36:19","10","default","328281339","OXY_CH10","12.964","min","129.244","μmol/L","Humid","21.266","deg","131753","µV","38.908","°C","1014.000","hPa","36.0","pmil","0","55.560","deg","20.000","°C","100.000","%a.s.","22.340","deg","20.000","°C","962.000","hPa","0.861","-0.02617","0.00035","0","0","13.56","Humid","31.50","0","54.10","284068.20","SABD0002000014","AAV2.0.0.13","3.0.1.1413","PSt7-10","180509-029","9/13/2019 10:47:01 AM","0000-00","0","no battery","V"
"10/22/2019","10:36:20","10","default","328281339","OXY_CH10","12.981","min","129.290","μmol/L","Humid","21.262","deg","131760","µV","38.908","°C","1014.000","hPa","36.0","pmil","0","55.560","deg","20.000","°C","100.000","%a.s.","22.340","deg","20.000","°C","962.000","hPa","0.861","-0.02617","0.00035","0","0","13.56","Humid","31.50","0","54.10","284059.84","SABD0002000014","AAV2.0.0.13","3.0.1.1413","PSt7-10","180509-029","9/13/2019 10:47:01 AM","0000-00","0","no battery","V"
"10/22/2019","10:36:21","10","default","328281339","OXY_CH10","12.997","min","129.289","μmol/L","Humid","21.265","deg","131749","µV","38.902","°C","1014.000","hPa","36.0","pmil","0","55.560","deg","20.000","°C","100.000","%a.s.","22.340","deg","20.000","°C","962.000","hPa","0.861","-0.02617","0.00035","0","0","13.56","Humid","31.50","0","54.10","284062.96","SABD0002000014","AAV2.0.0.13","3.0.1.1413","PSt7-10","180509-029","9/13/2019 10:47:01 AM","0000-00","0","no battery","V"
"10/22/2019","10:36:22","10","default","328281339","OXY_CH10","13.017","min","129.289","μmol/L","Humid","21.265","deg","131777","µV","38.902","°C","1014.000","hPa","36.0","pmil","0","55.560","deg","20.000","°C","100.000","%a.s.","22.340","deg","20.000","°C","962.000","hPa","0.861","-0.02617","0.00035","0","0","13.56","Humid","31.50","0","54.10","284090.03","SABD0002000014","AAV2.0.0.13","3.0.1.1413","PSt7-10","180509-029","9/13/2019 10:47:01 AM","0000-00","0","no battery","V"
"10/22/2019","10:36:23","10","default","328281339","OXY_CH10","13.030","min","129.312","μmol/L","Humid","21.263","deg","131758","µV","38.902","°C","1014.000","hPa","36.0","pmil","0","55.560","deg","20.000","°C","100.000","%a.s.","22.340","deg","20.000","°C","962.000","hPa","0.861","-0.02617","0.00035","0","0","13.56","Humid","31.50","0","54.10","284052.27","SABD0002000014","AAV2.0.0.13","3.0.1.1413","PSt7-10","180509-029","9/13/2019 10:47:01 AM","0000-00","0","no battery","V"
"10/22/2019","10:36:24","10","default","328281339","OXY_CH10","13.047","min","129.346","μmol/L","Humid","21.263","deg","131775","µV","38.895","°C","1014.000","hPa","36.0","pmil","0","55.560","deg","20.000","°C","100.000","%a.s.","22.340","deg","20.000","°C","962.000","hPa","0.861","-0.02617","0.00035","0","0","13.56","Humid","31.50","0","54.10","284069.09","SABD0002000014","AAV2.0.0.13","3.0.1.1413","PSt7-10","180509-029","9/13/2019 10:47:01 AM","0000-00","0","no battery","V"
"10/22/2019","10:36:25","10","default","328281339","OXY_CH10","13.064","min","129.278","μmol/L","Humid","21.266","deg","131759","µV","38.902","°C","1014.000","hPa","36.0","pmil","0","55.560","deg","20.000","°C","100.000","%a.s.","22.340","deg","20.000","°C","962.000","hPa","0.861","-0.02617","0.00035","0","0","13.56","Humid","31.50","0","54.10","284066.37","SABD0002000014","AAV2.0.0.13","3.0.1.1413","PSt7-10","180509-029","9/13/2019 10:47:01 AM","0000-00","0","no battery","V"
"10/22/2019","10:36:26","10","default","328281339","OXY_CH10","13.080","min","129.278","μmol/L","Humid","21.266","deg","131766","µV","38.902","°C","1014.000","hPa","36.0","pmil","0","55.560","deg","20.000","°C","100.000","%a.s.","22.340","deg","20.000","°C","962.000","hPa","0.861","-0.02617","0.00035","0","0","13.56","Humid","31.50","0","54.10","284061.83","SABD0002000014","AAV2.0.0.13","3.0.1.1413","PSt7-10","180509-029","9/13/2019 10:47:01 AM","0000-00","0","no battery","V"
"10/22/2019","10:36:27","10","default","328281339","OXY_CH10","13.098","min","129.335","μmol/L","Humid","21.264","deg","131776","µV","38.895","°C","1014.000","hPa","36.0","pmil","0","55.560","deg","20.000","°C","100.000","%a.s.","22.340","deg","20.000","°C","962.000","hPa","0.861","-0.02617","0.00035","0","0","13.56","Humid","31.50","0","54.10","284083.12","SABD0002000014","AAV2.0.0.13","3.0.1.1413","PSt7-10","180509-029","9/13/2019 10:47:01 AM","0000-00","0","no battery","V"
"10/22/2019","10:36:28","10","default","328281339","OXY_CH10","13.114","min","129.278","μmol/L","Humid","21.266","deg","131771","µV","38.902","°C","1014.000","hPa","36.0","pmil","0","55.560","deg","20.000","°C","100.000","%a.s.","22.340","deg","20.000","°C","962.000","hPa","0.861","-0.02617","0.00035","0","0","13.56","Humid","31.50","0","54.10","284072.38","SABD0002000014","AAV2.0.0.13","3.0.1.1413","PSt7-10","180509-029","9/13/2019 10:47:01 AM","0000-00","0","no battery","V"
"10/22/2019","10:36:29","10","default","328281339","OXY_CH10","13.131","min","129.289","μmol/L","Humid","21.265","deg","131777","µV","38.902","°C","1014.000","hPa","36.0","pmil","0","55.560","deg","20.000","°C","100.000","%a.s.","22.340","deg","20.000","°C","962.000","hPa","0.861","-0.02617","0.00035","0","0","13.56","Humid","31.50","0","54.10","284064.06","SABD0002000014","AAV2.0.0.13","3.0.1.1413","PSt7-10","180509-029","9/13/2019 10:47:01 AM","0000-00","0","no battery","V"
"10/22/2019","10:36:30","10","default","328281339","OXY_CH10","13.147","min","129.266","μmol/L","Humid","21.267","deg","131777","µV","38.902","°C","1014.000","hPa","36.0","pmil","0","55.560","deg","20.000","°C","100.000","%a.s.","22.340","deg","20.000","°C","962.000","hPa","0.861","-0.02617","0.00035","0","0","13.56","Humid","31.50","0","54.10","284063.90","SABD0002000014","AAV2.0.0.13","3.0.1.1413","PSt7-10","180509-029","9/13/2019 10:47:01 AM","0000-00","0","no battery","V"
"10/22/2019","10:36:31","10","default","328281339","OXY_CH10","13.164","min","129.267","μmol/L","Humid","21.264","deg","131775","µV","38.908","°C","1014.000","hPa","36.0","pmil","0","55.560","deg","20.000","°C","100.000","%a.s.","22.340","deg","20.000","°C","962.000","hPa","0.861","-0.02617","0.00035","0","0","13.56","Humid","31.50","0","54.10","284060.91","SABD0002000014","AAV2.0.0.13","3.0.1.1413","PSt7-10","180509-029","9/13/2019 10:47:01 AM","0000-00","0","no battery","V"
"10/22/2019","10:36:32","10","default","328281339","OXY_CH10","13.180","min","129.300","μmol/L","Humid","21.267","deg","131775","µV","38.895","°C","1014.000","hPa","36.0","pmil","0","55.560","deg","20.000","°C","100.000","%a.s.","22.340","deg","20.000","°C","962.000","hPa","0.861","-0.02617","0.00035","0","0","13.56","Humid","31.50","0","54.10","284058.05","SABD0002000014","AAV2.0.0.13","3.0.1.1413","PSt7-10","180509-029","9/13/2019 10:47:01 AM","0000-00","0","no battery","V"
"10/22/2019","10:36:33","10","default","328281339","OXY_CH10","13.197","min","129.244","μmol/L","Humid","21.266","deg","131778","µV","38.908","°C","1014.000","hPa","36.0","pmil","0","55.560","deg","20.000","°C","100.000","%a.s.","22.340","deg","20.000","°C","962.000","hPa","0.861","-0.02617","0.00035","0","0","13.56","Humid","31.50","0","54.10","284062.48","SABD0002000014","AAV2.0.0.13","3.0.1.1413","PSt7-10","180509-029","9/13/2019 10:47:01 AM","0000-00","0","no battery","V"
"10/22/2019","10:36:34","10","default","328281339","OXY_CH10","13.214","min","129.289","μmol/L","Humid","21.265","deg","131777","µV","38.902","°C","1014.000","hPa","36.0","pmil","0","55.560","deg","20.000","°C","100.000","%a.s.","22.340","deg","20.000","°C","962.000","hPa","0.861","-0.02617","0.00035","0","0","13.56","Humid","31.50","0","54.10","284060.89","SABD0002000014","AAV2.0.0.13","3.0.1.1413","PSt7-10","180509-029","9/13/2019 10:47:01 AM","0000-00","0","no battery","V"
"10/22/2019","10:36:35","10","default","328281339","OXY_CH10","13.231","min","129.323","μmol/L","Humid","21.265","deg","131782","µV","38.895","°C","1014.000","hPa","36.0","pmil","0","55.560","deg","20.000","°C","100.000","%a.s.","22.340","deg","20.000","°C","962.000","hPa","0.861","-0.02617","0.00035","0","0","13.56","Humid","31.50","0","54.10","284063.03","SABD0002000014","AAV2.0.0.13","3.0.1.1413","PSt7-10","180509-029","9/13/2019 10:47:01 AM","0000-00","0","no battery","V"
"10/22/2019","10:36:36","10","default","328281339","OXY_CH10","13.247","min","129.289","μmol/L","Humid","21.265","deg","131773","µV","38.902","°C","1014.000","hPa","36.0","pmil","0","55.560","deg","20.000","°C","100.000","%a.s.","22.340","deg","20.000","°C","962.000","hPa","0.861","-0.02617","0.00035","0","0","13.56","Humid","31.50","0","54.10","284058.14","SABD0002000014","AAV2.0.0.13","3.0.1.1413","PSt7-10","180509-029","9/13/2019 10:47:01 AM","0000-00","0","no battery","V"
"10/22/2019","10:36:37","10","default","328281339","OXY_CH10","13.264","min","129.323","μmol/L","Humid","21.265","deg","131771","µV","38.895","°C","1014.000","hPa","36.0","pmil","0","55.560","deg","20.000","°C","100.000","%a.s.","22.340","deg","20.000","°C","962.000","hPa","0.861","-0.02617","0.00035","0","0","13.56","Humid","31.50","0","54.10","284055.19","SABD0002000014","AAV2.0.0.13","3.0.1.1413","PSt7-10","180509-029","9/13/2019 10:47:01 AM","0000-00","0","no battery","V"
"10/22/2019","10:36:38","10","default","328281339","OXY_CH10","13.281","min","129.289","μmol/L","Humid","21.268","deg","131776","µV","38.895","°C","1014.000","hPa","36.0","pmil","0","55.560","deg","20.000","°C","100.000","%a.s.","22.340","deg","20.000","°C","962.000","hPa","0.861","-0.02617","0.00035","0","0","13.56","Humid","31.50","0","54.10","284066.66","SABD0002000014","AAV2.0.0.13","3.0.1.1413","PSt7-10","180509-029","9/13/2019 10:47:01 AM","0000-00","0","no battery","V"
"10/22/2019","10:36:39","10","default","328281339","OXY_CH10","13.297","min","129.278","μmol/L","Humid","21.266","deg","131773","µV","38.902","°C","1014.000","hPa","36.0","pmil","0","55.560","deg","20.000","°C","100.000","%a.s.","22.340","deg","20.000","°C","962.000","hPa","0.861","-0.02617","0.00035","0","0","13.56","Humid","31.50","0","54.10","284060.28","SABD0002000014","AAV2.0.0.13","3.0.1.1413","PSt7-10","180509-029","9/13/2019 10:47:01 AM","0000-00","0","no battery","V"
"10/22/2019","10:36:40","10","default","328281339","OXY_CH10","13.314","min","129.278","μmol/L","Humid","21.266","deg","131768","µV","38.902","°C","1014.000","hPa","36.0","pmil","0","55.560","deg","20.000","°C","100.000","%a.s.","22.340","deg","20.000","°C","962.000","hPa","0.861","-0.02617","0.00035","0","0","13.56","Humid","31.50","0","54.10","284061.87","SABD0002000014","AAV2.0.0.13","3.0.1.1413","PSt7-10","180509-029","9/13/2019 10:47:01 AM","0000-00","0","no battery","V"
"10/22/2019","10:36:41","10","default","328281339","OXY_CH10","13.330","min","129.277","μmol/L","Humid","21.269","deg","131769","µV","38.895","°C","1014.000","hPa","36.0","pmil","0","55.560","deg","20.000","°C","100.000","%a.s.","22.340","deg","20.000","°C","962.000","hPa","0.861","-0.02617","0.00035","0","0","13.56","Humid","31.50","0","54.10","284051.61","SABD0002000014","AAV2.0.0.13","3.0.1.1413","PSt7-10","180509-029","9/13/2019 10:47:01 AM","0000-00","0","no battery","V"
"10/22/2019","10:36:42","10","default","328281339","OXY_CH10","13.347","min","129.312","μmol/L","Humid","21.266","deg","131775","µV","38.895","°C","1014.000","hPa","36.0","pmil","0","55.560","deg","20.000","°C","100.000","%a.s.","22.340","deg","20.000","°C","962.000","hPa","0.861","-0.02617","0.00035","0","0","13.56","Humid","31.50","0","54.10","284059.72","SABD0002000014","AAV2.0.0.13","3.0.1.1413","PSt7-10","180509-029","9/13/2019 10:47:01 AM","0000-00","0","no battery","V"
"10/22/2019","10:36:43","10","default","328281339","OXY_CH10","13.364","min","129.300","μmol/L","Humid","21.267","deg","131770","µV","38.895","°C","1014.000","hPa","36.0","pmil","0","55.560","deg","20.000","°C","100.000","%a.s.","22.340","deg","20.000","°C","962.000","hPa","0.861","-0.02617","0.00035","0","0","13.56","Humid","31.50","0","54.10","284061.99","SABD0002000014","AAV2.0.0.13","3.0.1.1413","PSt7-10","180509-029","9/13/2019 10:47:01 AM","0000-00","0","no battery","V"
"10/22/2019","10:36:44","10","default","328281339","OXY_CH10","13.381","min","129.323","μmol/L","Humid","21.265","deg","131772","µV","38.895","°C","1014.000","hPa","36.0","pmil","0","55.560","deg","20.000","°C","100.000","%a.s.","22.340","deg","20.000","°C","962.000","hPa","0.861","-0.02617","0.00035","0","0","13.56","Humid","31.50","0","54.10","284046.74","SABD0002000014","AAV2.0.0.13","3.0.1.1413","PSt7-10","180509-029","9/13/2019 10:47:01 AM","0000-00","0","no battery","V"
"10/22/2019","10:36:45","10","default","328281339","OXY_CH10","13.397","min","129.323","μmol/L","Humid","21.265","deg","131769","µV","38.895","°C","1014.000","hPa","36.0","pmil","0","55.560","deg","20.000","°C","100.000","%a.s.","22.340","deg","20.000","°C","962.000","hPa","0.861","-0.02617","0.00035","0","0","13.56","Humid","31.50","0","54.10","284049.16","SABD0002000014","AAV2.0.0.13","3.0.1.1413","PSt7-10","180509-029","9/13/2019 10:47:01 AM","0000-00","0","no battery","V"
"10/22/2019","10:36:46","10","default","328281339","OXY_CH10","13.414","min","129.277","μmol/L","Humid","21.269","deg","131770","µV","38.895","°C","1014.000","hPa","36.0","pmil","0","55.560","deg","20.000","°C","100.000","%a.s.","22.340","deg","20.000","°C","962.000","hPa","0.861","-0.02617","0.00035","0","0","13.56","Humid","31.50","0","54.10","284051.91","SABD0002000014","AAV2.0.0.13","3.0.1.1413","PSt7-10","180509-029","9/13/2019 10:47:01 AM","0000-00","0","no battery","V"
"10/22/2019","10:36:47","10","default","328281339","OXY_CH10","13.430","min","129.266","μmol/L","Humid","21.267","deg","131768","µV","38.902","°C","1014.000","hPa","36.0","pmil","0","55.560","deg","20.000","°C","100.000","%a.s.","22.340","deg","20.000","°C","962.000","hPa","0.861","-0.02617","0.00035","0","0","13.56","Humid","31.50","0","54.10","284058.33","SABD0002000014","AAV2.0.0.13","3.0.1.1413","PSt7-10","180509-029","9/13/2019 10:47:01 AM","0000-00","0","no battery","V"
"10/22/2019","10:36:48","10","default","328281339","OXY_CH10","13.448","min","129.255","μmol/L","Humid","21.271","deg","131789","µV","38.895","°C","1014.000","hPa","36.0","pmil","0","55.560","deg","20.000","°C","100.000","%a.s.","22.340","deg","20.000","°C","962.000","hPa","0.861","-0.02617","0.00035","0","0","13.56","Humid","31.50","0","54.10","284062.87","SABD0002000014","AAV2.0.0.13","3.0.1.1413","PSt7-10","180509-029","9/13/2019 10:47:01 AM","0000-00","0","no battery","V"
"10/22/2019","10:36:49","10","default","328281339","OXY_CH10","13.464","min","129.209","μmol/L","Humid","21.272","deg","131779","µV","38.902","°C","1014.000","hPa","36.0","pmil","0","55.560","deg","20.000","°C","100.000","%a.s.","22.340","deg","20.000","°C","962.000","hPa","0.861","-0.02617","0.00035","0","0","13.56","Humid","31.50","0","54.10","284051.83","SABD0002000014","AAV2.0.0.13","3.0.1.1413","PSt7-10","180509-029","9/13/2019 10:47:01 AM","0000-00","0","no battery","V"
"10/22/2019","10:36:50","10","default","328281339","OXY_CH10","13.480","min","129.289","μmol/L","Humid","21.268","deg","131786","µV","38.895","°C","1014.000","hPa","36.0","pmil","0","55.560","deg","20.000","°C","100.000","%a.s.","22.340","deg","20.000","°C","962.000","hPa","0.861","-0.02617","0.00035","0","0","13.56","Humid","31.50","0","54.10","284048.72","SABD0002000014","AAV2.0.0.13","3.0.1.1413","PSt7-10","180509-029","9/13/2019 10:47:01 AM","0000-00","0","no battery","V"
"10/22/2019","10:36:51","10","default","328281339","OXY_CH10","13.497","min","129.243","μmol/L","Humid","21.272","deg","131794","µV","38.895","°C","1014.000","hPa","36.0","pmil","0","55.560","deg","20.000","°C","100.000","%a.s.","22.340","deg","20.000","°C","962.000","hPa","0.861","-0.02617","0.00035","0","0","13.56","Humid","31.50","0","54.10","284049.68","SABD0002000014","AAV2.0.0.13","3.0.1.1413","PSt7-10","180509-029","9/13/2019 10:47:01 AM","0000-00","0","no battery","V"
"10/22/2019","10:36:52","10","default","328281339","OXY_CH10","13.514","min","129.243","μmol/L","Humid","21.272","deg","131799","µV","38.895","°C","1014.000","hPa","36.0","pmil","0","55.560","deg","20.000","°C","100.000","%a.s.","22.340","deg","20.000","°C","962.000","hPa","0.861","-0.02617","0.00035","0","0","13.56","Humid","31.50","0","54.10","284058.91","SABD0002000014","AAV2.0.0.13","3.0.1.1413","PSt7-10","180509-029","9/13/2019 10:47:01 AM","0000-00","0","no battery","V"
"10/22/2019","10:36:53","10","default","328281339","OXY_CH10","13.530","min","129.255","μmol/L","Humid","21.271","deg","131796","µV","38.895","°C","1014.000","hPa","36.0","pmil","0","55.560","deg","20.000","°C","100.000","%a.s.","22.340","deg","20.000","°C","962.000","hPa","0.861","-0.02617","0.00035","0","0","13.56","Humid","31.50","0","54.10","284040.15","SABD0002000014","AAV2.0.0.13","3.0.1.1413","PSt7-10","180509-029","9/13/2019 10:47:01 AM","0000-00","0","no battery","V"
"10/22/2019","10:36:54","10","default","328281339","OXY_CH10","13.547","min","129.198","μmol/L","Humid","21.273","deg","131800","µV","38.902","°C","1014.000","hPa","36.0","pmil","0","55.560","deg","20.000","°C","100.000","%a.s.","22.340","deg","20.000","°C","962.000","hPa","0.861","-0.02617","0.00035","0","0","13.56","Humid","31.50","0","54.10","284058.16","SABD0002000014","AAV2.0.0.13","3.0.1.1413","PSt7-10","180509-029","9/13/2019 10:47:01 AM","0000-00","0","no battery","V"
"10/22/2019","10:36:55","10","default","328281339","OXY_CH10","13.564","min","129.266","μmol/L","Humid","21.273","deg","131804","µV","38.889","°C","1014.000","hPa","36.0","pmil","0","55.560","deg","20.000","°C","100.000","%a.s.","22.340","deg","20.000","°C","962.000","hPa","0.861","-0.02617","0.00035","0","0","13.56","Humid","31.50","0","54.10","284054.11","SABD0002000014","AAV2.0.0.13","3.0.1.1413","PSt7-10","180509-029","9/13/2019 10:47:01 AM","0000-00","0","no battery","V"
"10/22/2019","10:36:56","10","default","328281339","OXY_CH10","13.580","min","129.220","μmol/L","Humid","21.274","deg","131805","µV","38.895","°C","1014.000","hPa","36.0","pmil","0","55.560","deg","20.000","°C","100.000","%a.s.","22.340","deg","20.000","°C","962.000","hPa","0.861","-0.02617","0.00035","0","0","13.56","Humid","31.50","0","54.10","284059.50","SABD0002000014","AAV2.0.0.13","3.0.1.1413","PSt7-10","180509-029","9/13/2019 10:47:01 AM","0000-00","0","no battery","V"
"10/22/2019","10:36:57","10","default","328281339","OXY_CH10","13.597","min","129.209","μmol/L","Humid","21.275","deg","131813","µV","38.895","°C","1014.000","hPa","36.0","pmil","0","55.560","deg","20.000","°C","100.000","%a.s.","22.340","deg","20.000","°C","962.000","hPa","0.861","-0.02617","0.00035","0","0","13.56","Humid","31.50","0","54.10","284055.95","SABD0002000014","AAV2.0.0.13","3.0.1.1413","PSt7-10","180509-029","9/13/2019 10:47:01 AM","0000-00","0","no battery","V"
"10/22/2019","10:36:58","10","default","328281339","OXY_CH10","13.614","min","129.175","μmol/L","Humid","21.275","deg","131809","µV","38.902","°C","1014.000","hPa","36.0","pmil","0","55.560","deg","20.000","°C","100.000","%a.s.","22.340","deg","20.000","°C","962.000","hPa","0.861","-0.02617","0.00035","0","0","13.56","Humid","31.50","0","54.10","284057.58","SABD0002000014","AAV2.0.0.13","3.0.1.1413","PSt7-10","180509-029","9/13/2019 10:47:01 AM","0000-00","0","no battery","V"
"10/22/2019","10:36:59","10","default","328281339","OXY_CH10","13.631","min","129.231","μmol/L","Humid","21.276","deg","131809","µV","38.889","°C","1014.000","hPa","36.0","pmil","0","55.560","deg","20.000","°C","100.000","%a.s.","22.340","deg","20.000","°C","962.000","hPa","0.861","-0.02617","0.00035","0","0","13.56","Humid","31.50","0","54.10","284052.46","SABD0002000014","AAV2.0.0.13","3.0.1.1413","PSt7-10","180509-029","9/13/2019 10:47:01 AM","0000-00","0","no battery","V"
"10/22/2019","10:37:00","10","default","328281339","OXY_CH10","13.647","min","129.209","μmol/L","Humid","21.275","deg","131810","µV","38.895","°C","1014.000","hPa","36.0","pmil","0","55.560","deg","20.000","°C","100.000","%a.s.","22.340","deg","20.000","°C","962.000","hPa","0.861","-0.02617","0.00035","0","0","13.56","Humid","31.50","0","54.10","284044.97","SABD0002000014","AAV2.0.0.13","3.0.1.1413","PSt7-10","180509-029","9/13/2019 10:47:01 AM","0000-00","0","no battery","V"
"10/22/2019","10:37:01","10","default","328281339","OXY_CH10","13.664","min","129.220","μmol/L","Humid","21.277","deg","131815","µV","38.889","°C","1014.000","hPa","36.0","pmil","0","55.560","deg","20.000","°C","100.000","%a.s.","22.340","deg","20.000","°C","962.000","hPa","0.861","-0.02617","0.00035","0","0","13.56","Humid","31.50","0","54.10","284056.55","SABD0002000014","AAV2.0.0.13","3.0.1.1413","PSt7-10","180509-029","9/13/2019 10:47:01 AM","0000-00","0","no battery","V"
"10/22/2019","10:37:02","10","default","328281339","OXY_CH10","13.680","min","129.164","μmol/L","Humid","21.276","deg","131812","µV","38.902","°C","1014.000","hPa","36.0","pmil","0","55.560","deg","20.000","°C","100.000","%a.s.","22.340","deg","20.000","°C","962.000","hPa","0.861","-0.02617","0.00035","0","0","13.56","Humid","31.50","0","54.10","284055.88","SABD0002000014","AAV2.0.0.13","3.0.1.1413","PSt7-10","180509-029","9/13/2019 10:47:01 AM","0000-00","0","no battery","V"
"10/22/2019","10:37:03","10","default","328281339","OXY_CH10","13.697","min","129.198","μmol/L","Humid","21.276","deg","131809","µV","38.895","°C","1014.000","hPa","36.0","pmil","0","55.560","deg","20.000","°C","100.000","%a.s.","22.340","deg","20.000","°C","962.000","hPa","0.861","-0.02617","0.00035","0","0","13.56","Humid","31.50","0","54.10","284057.18","SABD0002000014","AAV2.0.0.13","3.0.1.1413","PSt7-10","180509-029","9/13/2019 10:47:01 AM","0000-00","0","no battery","V"
"10/22/2019","10:37:04","10","default","328281339","OXY_CH10","13.713","min","129.243","μmol/L","Humid","21.275","deg","131811","µV","38.889","°C","1014.000","hPa","36.0","pmil","0","55.560","deg","20.000","°C","100.000","%a.s.","22.340","deg","20.000","°C","962.000","hPa","0.861","-0.02617","0.00035","0","0","13.56","Humid","31.50","0","54.10","284049.62","SABD0002000014","AAV2.0.0.13","3.0.1.1413","PSt7-10","180509-029","9/13/2019 10:47:01 AM","0000-00","0","no battery","V"
"10/22/2019","10:37:05","10","default","328281339","OXY_CH10","13.730","min","129.254","μmol/L","Humid","21.274","deg","131810","µV","38.889","°C","1014.000","hPa","36.0","pmil","0","55.560","deg","20.000","°C","100.000","%a.s.","22.340","deg","20.000","°C","962.000","hPa","0.861","-0.02617","0.00035","0","0","13.56","Humid","31.50","0","54.10","284051.85","SABD0002000014","AAV2.0.0.13","3.0.1.1413","PSt7-10","180509-029","9/13/2019 10:47:01 AM","0000-00","0","no battery","V"
"10/22/2019","10:37:06","10","default","328281339","OXY_CH10","13.747","min","129.243","μmol/L","Humid","21.275","deg","131814","µV","38.889","°C","1014.000","hPa","36.0","pmil","0","55.560","deg","20.000","°C","100.000","%a.s.","22.340","deg","20.000","°C","962.000","hPa","0.861","-0.02617","0.00035","0","0","13.56","Humid","31.50","0","54.10","284047.22","SABD0002000014","AAV2.0.0.13","3.0.1.1413","PSt7-10","180509-029","9/13/2019 10:47:01 AM","0000-00","0","no battery","V"
"10/22/2019","10:37:07","10","default","328281339","OXY_CH10","13.764","min","129.197","μmol/L","Humid","21.279","deg","131805","µV","38.889","°C","1014.000","hPa","36.0","pmil","0","55.560","deg","20.000","°C","100.000","%a.s.","22.340","deg","20.000","°C","962.000","hPa","0.861","-0.02617","0.00035","0","0","13.56","Humid","31.50","0","54.10","284047.46","SABD0002000014","AAV2.0.0.13","3.0.1.1413","PSt7-10","180509-029","9/13/2019 10:47:01 AM","0000-00","0","no battery","V"
"10/22/2019","10:37:08","10","default","328281339","OXY_CH10","13.781","min","129.175","μmol/L","Humid","21.278","deg","131821","µV","38.895","°C","1014.000","hPa","36.0","pmil","0","55.560","deg","20.000","°C","100.000","%a.s.","22.340","deg","20.000","°C","962.000","hPa","0.861","-0.02617","0.00035","0","0","13.56","Humid","31.50","0","54.10","284050.80","SABD0002000014","AAV2.0.0.13","3.0.1.1413","PSt7-10","180509-029","9/13/2019 10:47:01 AM","0000-00","0","no battery","V"
"10/22/2019","10:37:09","10","default","328281339","OXY_CH10","13.797","min","129.231","μmol/L","Humid","21.276","deg","131812","µV","38.889","°C","1014.000","hPa","36.0","pmil","0","55.560","deg","20.000","°C","100.000","%a.s.","22.340","deg","20.000","°C","962.000","hPa","0.861","-0.02617","0.00035","0","0","13.56","Humid","31.50","0","54.10","284045.21","SABD0002000014","AAV2.0.0.13","3.0.1.1413","PSt7-10","180509-029","9/13/2019 10:47:01 AM","0000-00","0","no battery","V"
"10/22/2019","10:37:10","10","default","328281339","OXY_CH10","13.814","min","129.219","μmol/L","Humid","21.280","deg","131822","µV","38.883","°C","1014.000","hPa","36.0","pmil","0","55.560","deg","20.000","°C","100.000","%a.s.","22.340","deg","20.000","°C","962.000","hPa","0.861","-0.02617","0.00035","0","0","13.56","Humid","31.50","0","54.10","284048.02","SABD0002000014","AAV2.0.0.13","3.0.1.1413","PSt7-10","180509-029","9/13/2019 10:47:01 AM","0000-00","0","no battery","V"
"10/22/2019","10:37:11","10","default","328281339","OXY_CH10","13.830","min","129.175","μmol/L","Humid","21.278","deg","131825","µV","38.895","°C","1014.000","hPa","36.0","pmil","0","55.560","deg","20.000","°C","100.000","%a.s.","22.340","deg","20.000","°C","962.000","hPa","0.861","-0.02617","0.00035","0","0","13.56","Humid","31.50","0","54.10","284047.95","SABD0002000014","AAV2.0.0.13","3.0.1.1413","PSt7-10","180509-029","9/13/2019 10:47:01 AM","0000-00","0","no battery","V"
"10/22/2019","10:37:12","10","default","328281339","OXY_CH10","13.848","min","129.175","μmol/L","Humid","21.278","deg","131840","µV","38.895","°C","1014.000","hPa","36.0","pmil","0","55.560","deg","20.000","°C","100.000","%a.s.","22.340","deg","20.000","°C","962.000","hPa","0.861","-0.02617","0.00035","0","0","13.56","Humid","31.50","0","54.10","284047.81","SABD0002000014","AAV2.0.0.13","3.0.1.1413","PSt7-10","180509-029","9/13/2019 10:47:01 AM","0000-00","0","no battery","V"
"10/22/2019","10:37:13","10","default","328281339","OXY_CH10","13.864","min","129.050","μmol/L","Humid","21.283","deg","131837","µV","38.908","°C","1014.000","hPa","36.0","pmil","0","55.560","deg","20.000","°C","100.000","%a.s.","22.340","deg","20.000","°C","962.000","hPa","0.861","-0.02617","0.00035","0","0","13.56","Humid","31.50","0","54.10","284043.95","SABD0002000014","AAV2.0.0.13","3.0.1.1413","PSt7-10","180509-029","9/13/2019 10:47:01 AM","0000-00","0","no battery","V"
"10/22/2019","10:37:14","10","default","328281339","OXY_CH10","13.881","min","129.186","μmol/L","Humid","21.277","deg","131838","µV","38.895","°C","1014.000","hPa","36.0","pmil","0","55.560","deg","20.000","°C","100.000","%a.s.","22.340","deg","20.000","°C","962.000","hPa","0.861","-0.02617","0.00035","0","0","13.56","Humid","31.50","0","54.10","284050.67","SABD0002000014","AAV2.0.0.13","3.0.1.1413","PSt7-10","180509-029","9/13/2019 10:47:01 AM","0000-00","0","no battery","V"
"10/22/2019","10:37:15","10","default","328281339","OXY_CH10","13.898","min","129.095","μmol/L","Humid","21.282","deg","131840","µV","38.902","°C","1014.000","hPa","36.0","pmil","0","55.560","deg","20.000","°C","100.000","%a.s.","22.340","deg","20.000","°C","962.000","hPa","0.861","-0.02617","0.00035","0","0","13.56","Humid","31.50","0","54.10","284050.52","SABD0002000014","AAV2.0.0.13","3.0.1.1413","PSt7-10","180509-029","9/13/2019 10:47:01 AM","0000-00","0","no battery","V"
"10/22/2019","10:37:16","10","default","328281339","OXY_CH10","13.914","min","129.163","μmol/L","Humid","21.279","deg","131830","µV","38.895","°C","1014.000","hPa","36.0","pmil","0","55.560","deg","20.000","°C","100.000","%a.s.","22.340","deg","20.000","°C","962.000","hPa","0.861","-0.02617","0.00035","0","0","13.56","Humid","31.50","0","54.10","284029.62","SABD0002000014","AAV2.0.0.13","3.0.1.1413","PSt7-10","180509-029","9/13/2019 10:47:01 AM","0000-00","0","no battery","V"
"10/22/2019","10:37:17","10","default","328281339","OXY_CH10","13.930","min","129.152","μmol/L","Humid","21.280","deg","131836","µV","38.895","°C","1014.000","hPa","36.0","pmil","0","55.560","deg","20.000","°C","100.000","%a.s.","22.340","deg","20.000","°C","962.000","hPa","0.861","-0.02617","0.00035","0","0","13.56","Humid","31.50","0","54.10","284051.57","SABD0002000014","AAV2.0.0.13","3.0.1.1413","PSt7-10","180509-029","9/13/2019 10:47:01 AM","0000-00","0","no battery","V"
"10/22/2019","10:37:18","10","default","328281339","OXY_CH10","13.947","min","129.208","μmol/L","Humid","21.278","deg","131838","µV","38.889","°C","1014.000","hPa","36.0","pmil","0","55.560","deg","20.000","°C","100.000","%a.s.","22.340","deg","20.000","°C","962.000","hPa","0.861","-0.02617","0.00035","0","0","13.56","Humid","31.50","0","54.10","284040.40","SABD0002000014","AAV2.0.0.13","3.0.1.1413","PSt7-10","180509-029","9/13/2019 10:47:01 AM","0000-00","0","no battery","V"
"10/22/2019","10:37:19","10","default","328281339","OXY_CH10","13.964","min","129.175","μmol/L","Humid","21.278","deg","131841","µV","38.895","°C","1014.000","hPa","36.0","pmil","0","55.560","deg","20.000","°C","100.000","%a.s.","22.340","deg","20.000","°C","962.000","hPa","0.861","-0.02617","0.00035","0","0","13.56","Humid","31.50","0","54.10","284050.01","SABD0002000014","AAV2.0.0.13","3.0.1.1413","PSt7-10","180509-029","9/13/2019 10:47:01 AM","0000-00","0","no battery","V"
"10/22/2019","10:37:20","10","default","328281339","OXY_CH10","13.980","min","129.186","μmol/L","Humid","21.280","deg","131836","µV","38.889","°C","1014.000","hPa","36.0","pmil","0","55.560","deg","20.000","°C","100.000","%a.s.","22.340","deg","20.000","°C","962.000","hPa","0.861","-0.02617","0.00035","0","0","13.56","Humid","31.50","0","54.10","284048.13","SABD0002000014","AAV2.0.0.13","3.0.1.1413","PSt7-10","180509-029","9/13/2019 10:47:01 AM","0000-00","0","no battery","V"
"10/22/2019","10:37:21","10","default","328281339","OXY_CH10","13.997","min","129.197","μmol/L","Humid","21.282","deg","131836","µV","38.883","°C","1014.000","hPa","36.0","pmil","0","55.560","deg","20.000","°C","100.000","%a.s.","22.340","deg","20.000","°C","962.000","hPa","0.861","-0.02617","0.00035","0","0","13.56","Humid","31.50","0","54.10","284046.63","SABD0002000014","AAV2.0.0.13","3.0.1.1413","PSt7-10","180509-029","9/13/2019 10:47:01 AM","0000-00","0","no battery","V"
"10/22/2019","10:37:22","10","default","328281339","OXY_CH10","14.014","min","129.129","μmol/L","Humid","21.282","deg","131834","µV","38.895","°C","1014.000","hPa","36.0","pmil","0","55.560","deg","20.000","°C","100.000","%a.s.","22.340","deg","20.000","°C","962.000","hPa","0.861","-0.02617","0.00035","0","0","13.56","Humid","31.50","0","54.10","284053.66","SABD0002000014","AAV2.0.0.13","3.0.1.1413","PSt7-10","180509-029","9/13/2019 10:47:01 AM","0000-00","0","no battery","V"
"10/22/2019","10:37:23","10","default","328281339","OXY_CH10","14.030","min","129.186","μmol/L","Humid","21.280","deg","131831","µV","38.889","°C","1014.000","hPa","36.0","pmil","0","55.560","deg","20.000","°C","100.000","%a.s.","22.340","deg","20.000","°C","962.000","hPa","0.861","-0.02617","0.00035","0","0","13.56","Humid","31.50","0","54.10","284041.37","SABD0002000014","AAV2.0.0.13","3.0.1.1413","PSt7-10","180509-029","9/13/2019 10:47:01 AM","0000-00","0","no battery","V"
"10/22/2019","10:37:24","10","default","328281339","OXY_CH10","14.048","min","129.152","μmol/L","Humid","21.280","deg","131838","µV","38.895","°C","1014.000","hPa","36.0","pmil","0","55.560","deg","20.000","°C","100.000","%a.s.","22.340","deg","20.000","°C","962.000","hPa","0.861","-0.02617","0.00035","0","0","13.56","Humid","31.50","0","54.10","284052.69","SABD0002000014","AAV2.0.0.13","3.0.1.1413","PSt7-10","180509-029","9/13/2019 10:47:01 AM","0000-00","0","no battery","V"
"10/22/2019","10:37:25","10","default","328281339","OXY_CH10","14.064","min","129.208","μmol/L","Humid","21.281","deg","131832","µV","38.883","°C","1014.000","hPa","36.0","pmil","0","55.560","deg","20.000","°C","100.000","%a.s.","22.340","deg","20.000","°C","962.000","hPa","0.861","-0.02617","0.00035","0","0","13.56","Humid","31.50","0","54.10","284059.98","SABD0002000014","AAV2.0.0.13","3.0.1.1413","PSt7-10","180509-029","9/13/2019 10:47:01 AM","0000-00","0","no battery","V"
"10/22/2019","10:37:26","10","default","328281339","OXY_CH10","14.080","min","129.151","μmol/L","Humid","21.283","deg","131836","µV","38.889","°C","1014.000","hPa","36.0","pmil","0","55.560","deg","20.000","°C","100.000","%a.s.","22.340","deg","20.000","°C","962.000","hPa","0.861","-0.02617","0.00035","0","0","13.56","Humid","31.50","0","54.10","284043.45","SABD0002000014","AAV2.0.0.13","3.0.1.1413","PSt7-10","180509-029","9/13/2019 10:47:01 AM","0000-00","0","no battery","V"
"10/22/2019","10:37:27","10","default","328281339","OXY_CH10","14.097","min","129.186","μmol/L","Humid","21.280","deg","131846","µV","38.889","°C","1014.000","hPa","36.0","pmil","0","55.560","deg","20.000","°C","100.000","%a.s.","22.340","deg","20.000","°C","962.000","hPa","0.861","-0.02617","0.00035","0","0","13.56","Humid","31.50","0","54.10","284037.33","SABD0002000014","AAV2.0.0.13","3.0.1.1413","PSt7-10","180509-029","9/13/2019 10:47:01 AM","0000-00","0","no battery","V"
"10/22/2019","10:37:28","10","default","328281339","OXY_CH10","14.114","min","129.174","μmol/L","Humid","21.281","deg","131844","µV","38.889","°C","1014.000","hPa","36.0","pmil","0","55.560","deg","20.000","°C","100.000","%a.s.","22.340","deg","20.000","°C","962.000","hPa","0.861","-0.02617","0.00035","0","0","13.56","Humid","31.50","0","54.10","284040.19","SABD0002000014","AAV2.0.0.13","3.0.1.1413","PSt7-10","180509-029","9/13/2019 10:47:01 AM","0000-00","0","no battery","V"
"10/22/2019","10:37:29","10","default","328281339","OXY_CH10","14.131","min","129.152","μmol/L","Humid","21.280","deg","131845","µV","38.895","°C","1014.000","hPa","36.0","pmil","0","55.560","deg","20.000","°C","100.000","%a.s.","22.340","deg","20.000","°C","962.000","hPa","0.861","-0.02617","0.00035","0","0","13.56","Humid","31.50","0","54.10","284040.60","SABD0002000014","AAV2.0.0.13","3.0.1.1413","PSt7-10","180509-029","9/13/2019 10:47:01 AM","0000-00","0","no battery","V"
"10/22/2019","10:37:30","10","default","328281339","OXY_CH10","14.147","min","129.151","μmol/L","Humid","21.283","deg","131851","µV","38.889","°C","1014.000","hPa","36.0","pmil","0","55.560","deg","20.000","°C","100.000","%a.s.","22.340","deg","20.000","°C","962.000","hPa","0.861","-0.02617","0.00035","0","0","13.56","Humid","31.50","0","54.10","284047.23","SABD0002000014","AAV2.0.0.13","3.0.1.1413","PSt7-10","180509-029","9/13/2019 10:47:01 AM","0000-00","0","no battery","V"
"10/22/2019","10:37:31","10","default","328281339","OXY_CH10","14.164","min","129.151","μmol/L","Humid","21.283","deg","131844","µV","38.889","°C","1014.000","hPa","36.0","pmil","0","55.560","deg","20.000","°C","100.000","%a.s.","22.340","deg","20.000","°C","962.000","hPa","0.861","-0.02617","0.00035","0","0","13.56","Humid","31.50","0","54.10","284034.87","SABD0002000014","AAV2.0.0.13","3.0.1.1413","PSt7-10","180509-029","9/13/2019 10:47:01 AM","0000-00","0","no battery","V"
"10/22/2019","10:37:32","10","default","328281339","OXY_CH10","14.181","min","129.207","μmol/L","Humid","21.284","deg","131842","µV","38.877","°C","1014.000","hPa","36.0","pmil","0","55.560","deg","20.000","°C","100.000","%a.s.","22.340","deg","20.000","°C","962.000","hPa","0.861","-0.02617","0.00035","0","0","13.56","Humid","31.50","0","54.10","284038.28","SABD0002000014","AAV2.0.0.13","3.0.1.1413","PSt7-10","180509-029","9/13/2019 10:47:01 AM","0000-00","0","no battery","V"
"10/22/2019","10:37:33","10","default","328281339","OXY_CH10","14.197","min","129.174","μmol/L","Humid","21.284","deg","131846","µV","38.883","°C","1014.000","hPa","36.0","pmil","0","55.560","deg","20.000","°C","100.000","%a.s.","22.340","deg","20.000","°C","962.000","hPa","0.861","-0.02617","0.00035","0","0","13.56","Humid","31.50","0","54.10","284030.96","SABD0002000014","AAV2.0.0.13","3.0.1.1413","PSt7-10","180509-029","9/13/2019 10:47:01 AM","0000-00","0","no battery","V"
"10/22/2019","10:37:34","10","default","328281339","OXY_CH10","14.214","min","129.151","μmol/L","Humid","21.283","deg","131849","µV","38.889","°C","1014.000","hPa","36.0","pmil","0","55.560","deg","20.000","°C","100.000","%a.s.","22.340","deg","20.000","°C","962.000","hPa","0.861","-0.02617","0.00035","0","0","13.56","Humid","31.50","0","54.10","284040.25","SABD0002000014","AAV2.0.0.13","3.0.1.1413","PSt7-10","180509-029","9/13/2019 10:47:01 AM","0000-00","0","no battery","V"
"10/22/2019","10:37:35","10","default","328281339","OXY_CH10","14.230","min","129.151","μmol/L","Humid","21.283","deg","131848","µV","38.889","°C","1014.000","hPa","36.0","pmil","0","55.560","deg","20.000","°C","100.000","%a.s.","22.340","deg","20.000","°C","962.000","hPa","0.861","-0.02617","0.00035","0","0","13.56","Humid","31.50","0","54.10","284024.62","SABD0002000014","AAV2.0.0.13","3.0.1.1413","PSt7-10","180509-029","9/13/2019 10:47:01 AM","0000-00","0","no battery","V"
"10/22/2019","10:37:36","10","default","328281339","OXY_CH10","14.247","min","129.129","μmol/L","Humid","21.285","deg","131849","µV","38.889","°C","1014.000","hPa","36.0","pmil","0","55.560","deg","20.000","°C","100.000","%a.s.","22.340","deg","20.000","°C","962.000","hPa","0.861","-0.02617","0.00035","0","0","13.56","Humid","31.50","0","54.10","284040.73","SABD0002000014","AAV2.0.0.13","3.0.1.1413","PSt7-10","180509-029","9/13/2019 10:47:01 AM","0000-00","0","no battery","V"
"10/22/2019","10:37:37","10","default","328281339","OXY_CH10","14.265","min","129.140","μmol/L","Humid","21.284","deg","131851","µV","38.889","°C","1014.000","hPa","36.0","pmil","0","55.560","deg","20.000","°C","100.000","%a.s.","22.340","deg","20.000","°C","962.000","hPa","0.861","-0.02617","0.00035","0","0","13.56","Humid","31.50","0","54.10","284035.12","SABD0002000014","AAV2.0.0.13","3.0.1.1413","PSt7-10","180509-029","9/13/2019 10:47:01 AM","0000-00","0","no battery","V"
"10/22/2019","10:37:38","10","default","328281339","OXY_CH10","14.280","min","129.106","μmol/L","Humid","21.287","deg","131855","µV","38.889","°C","1014.000","hPa","36.0","pmil","0","55.560","deg","20.000","°C","100.000","%a.s.","22.340","deg","20.000","°C","962.000","hPa","0.861","-0.02617","0.00035","0","0","13.56","Humid","31.50","0","54.10","284028.75","SABD0002000014","AAV2.0.0.13","3.0.1.1413","PSt7-10","180509-029","9/13/2019 10:47:01 AM","0000-00","0","no battery","V"
"10/22/2019","10:37:39","10","default","328281339","OXY_CH10","14.297","min","129.105","μmol/L","Humid","21.290","deg","131858","µV","38.883","°C","1014.000","hPa","36.0","pmil","0","55.560","deg","20.000","°C","100.000","%a.s.","22.340","deg","20.000","°C","962.000","hPa","0.861","-0.02617","0.00035","0","0","13.56","Humid","31.50","0","54.10","284040.79","SABD0002000014","AAV2.0.0.13","3.0.1.1413","PSt7-10","180509-029","9/13/2019 10:47:01 AM","0000-00","0","no battery","V"
"10/22/2019","10:37:40","10","default","328281339","OXY_CH10","14.313","min","129.140","μmol/L","Humid","21.284","deg","131851","µV","38.889","°C","1014.000","hPa","36.0","pmil","0","55.560","deg","20.000","°C","100.000","%a.s.","22.340","deg","20.000","°C","962.000","hPa","0.861","-0.02617","0.00035","0","0","13.56","Humid","31.50","0","54.10","284028.07","SABD0002000014","AAV2.0.0.13","3.0.1.1413","PSt7-10","180509-029","9/13/2019 10:47:01 AM","0000-00","0","no battery","V"
"10/22/2019","10:37:41","10","default","328281339","OXY_CH10","14.331","min","129.117","μmol/L","Humid","21.286","deg","131867","µV","38.889","°C","1014.000","hPa","36.0","pmil","0","55.560","deg","20.000","°C","100.000","%a.s.","22.340","deg","20.000","°C","962.000","hPa","0.861","-0.02617","0.00035","0","0","13.56","Humid","31.50","0","54.10","284041.65","SABD0002000014","AAV2.0.0.13","3.0.1.1413","PSt7-10","180509-029","9/13/2019 10:47:01 AM","0000-00","0","no battery","V"
"10/22/2019","10:37:42","10","default","328281339","OXY_CH10","14.347","min","129.095","μmol/L","Humid","21.285","deg","131864","µV","38.895","°C","1014.000","hPa","36.0","pmil","0","55.560","deg","20.000","°C","100.000","%a.s.","22.340","deg","20.000","°C","962.000","hPa","0.861","-0.02617","0.00035","0","0","13.56","Humid","31.50","0","54.10","284031.21","SABD0002000014","AAV2.0.0.13","3.0.1.1413","PSt7-10","180509-029","9/13/2019 10:47:01 AM","0000-00","0","no battery","V"
"10/22/2019","10:37:43","10","default","328281339","OXY_CH10","14.364","min","129.129","μmol/L","Humid","21.285","deg","131861","µV","38.889","°C","1014.000","hPa","36.0","pmil","0","55.560","deg","20.000","°C","100.000","%a.s.","22.340","deg","20.000","°C","962.000","hPa","0.861","-0.02617","0.00035","0","0","13.56","Humid","31.50","0","54.10","284033.84","SABD0002000014","AAV2.0.0.13","3.0.1.1413","PSt7-10","180509-029","9/13/2019 10:47:01 AM","0000-00","0","no battery","V"
"10/22/2019","10:37:44","10","default","328281339","OXY_CH10","14.381","min","129.072","μmol/L","Humid","21.290","deg","131873","µV","38.889","°C","1014.000","hPa","36.0","pmil","0","55.560","deg","20.000","°C","100.000","%a.s.","22.340","deg","20.000","°C","962.000","hPa","0.861","-0.02617","0.00035","0","0","13.56","Humid","31.50","0","54.10","284034.00","SABD0002000014","AAV2.0.0.13","3.0.1.1413","PSt7-10","180509-029","9/13/2019 10:47:01 AM","0000-00","0","no battery","V"
"10/22/2019","10:37:45","10","default","328281339","OXY_CH10","14.397","min","129.083","μmol/L","Humid","21.289","deg","131865","µV","38.889","°C","1014.000","hPa","36.0","pmil","0","55.560","deg","20.000","°C","100.000","%a.s.","22.340","deg","20.000","°C","962.000","hPa","0.861","-0.02617","0.00035","0","0","13.56","Humid","31.50","0","54.10","284027.62","SABD0002000014","AAV2.0.0.13","3.0.1.1413","PSt7-10","180509-029","9/13/2019 10:47:01 AM","0000-00","0","no battery","V"
"10/22/2019","10:37:46","10","default","328281339","OXY_CH10","14.414","min","129.094","μmol/L","Humid","21.288","deg","131871","µV","38.889","°C","1014.000","hPa","36.0","pmil","0","55.560","deg","20.000","°C","100.000","%a.s.","22.340","deg","20.000","°C","962.000","hPa","0.861","-0.02617","0.00035","0","0","13.56","Humid","31.50","0","54.10","284033.02","SABD0002000014","AAV2.0.0.13","3.0.1.1413","PSt7-10","180509-029","9/13/2019 10:47:01 AM","0000-00","0","no battery","V"
"10/22/2019","10:37:47","10","default","328281339","OXY_CH10","14.430","min","129.026","μmol/L","Humid","21.291","deg","131873","µV","38.895","°C","1014.000","hPa","36.0","pmil","0","55.560","deg","20.000","°C","100.000","%a.s.","22.340","deg","20.000","°C","962.000","hPa","0.861","-0.02617","0.00035","0","0","13.56","Humid","31.50","0","54.10","284034.42","SABD0002000014","AAV2.0.0.13","3.0.1.1413","PSt7-10","180509-029","9/13/2019 10:47:01 AM","0000-00","0","no battery","V"
"10/22/2019","10:37:48","10","default","328281339","OXY_CH10","14.447","min","129.105","μmol/L","Humid","21.290","deg","131869","µV","38.883","°C","1014.000","hPa","36.0","pmil","0","55.560","deg","20.000","°C","100.000","%a.s.","22.340","deg","20.000","°C","962.000","hPa","0.861","-0.02617","0.00035","0","0","13.56","Humid","31.50","0","54.10","284037.79","SABD0002000014","AAV2.0.0.13","3.0.1.1413","PSt7-10","180509-029","9/13/2019 10:47:01 AM","0000-00","0","no battery","V"
"10/22/2019","10:37:49","10","default","328281339","OXY_CH10","14.464","min","129.106","μmol/L","Humid","21.287","deg","131872","µV","38.889","°C","1014.000","hPa","36.0","pmil","0","55.560","deg","20.000","°C","100.000","%a.s.","22.340","deg","20.000","°C","962.000","hPa","0.861","-0.02617","0.00035","0","0","13.56","Humid","31.50","0","54.10","284032.50","SABD0002000014","AAV2.0.0.13","3.0.1.1413","PSt7-10","180509-029","9/13/2019 10:47:01 AM","0000-00","0","no battery","V"
"10/22/2019","10:37:50","10","default","328281339","OXY_CH10","14.480","min","129.140","μmol/L","Humid","21.287","deg","131877","µV","38.883","°C","1014.000","hPa","36.0","pmil","0","55.560","deg","20.000","°C","100.000","%a.s.","22.340","deg","20.000","°C","962.000","hPa","0.861","-0.02617","0.00035","0","0","13.56","Humid","31.50","0","54.10","284028.75","SABD0002000014","AAV2.0.0.13","3.0.1.1413","PSt7-10","180509-029","9/13/2019 10:47:01 AM","0000-00","0","no battery","V"
"10/22/2019","10:37:51","10","default","328281339","OXY_CH10","14.497","min","129.061","μmol/L","Humid","21.288","deg","131875","µV","38.895","°C","1014.000","hPa","36.0","pmil","0","55.560","deg","20.000","°C","100.000","%a.s.","22.340","deg","20.000","°C","962.000","hPa","0.861","-0.02617","0.00035","0","0","13.56","Humid","31.50","0","54.10","284038.10","SABD0002000014","AAV2.0.0.13","3.0.1.1413","PSt7-10","180509-029","9/13/2019 10:47:01 AM","0000-00","0","no battery","V"
"10/22/2019","10:37:52","10","default","328281339","OXY_CH10","14.514","min","129.072","μmol/L","Humid","21.290","deg","131871","µV","38.889","°C","1014.000","hPa","36.0","pmil","0","55.560","deg","20.000","°C","100.000","%a.s.","22.340","deg","20.000","°C","962.000","hPa","0.861","-0.02617","0.00035","0","0","13.56","Humid","31.50","0","54.10","284027.73","SABD0002000014","AAV2.0.0.13","3.0.1.1413","PSt7-10","180509-029","9/13/2019 10:47:01 AM","0000-00","0","no battery","V"
"10/22/2019","10:37:53","10","default","328281339","OXY_CH10","14.531","min","129.094","μmol/L","Humid","21.291","deg","131883","µV","38.883","°C","1014.000","hPa","36.0","pmil","0","55.560","deg","20.000","°C","100.000","%a.s.","22.340","deg","20.000","°C","962.000","hPa","0.861","-0.02617","0.00035","0","0","13.56","Humid","31.50","0","54.10","284025.06","SABD0002000014","AAV2.0.0.13","3.0.1.1413","PSt7-10","180509-029","9/13/2019 10:47:01 AM","0000-00","0","no battery","V"
"10/22/2019","10:37:54","10","default","328281339","OXY_CH10","14.547","min","129.083","μmol/L","Humid","21.289","deg","131876","µV","38.889","°C","1014.000","hPa","36.0","pmil","0","55.560","deg","20.000","°C","100.000","%a.s.","22.340","deg","20.000","°C","962.000","hPa","0.861","-0.02617","0.00035","0","0","13.56","Humid","31.50","0","54.10","284032.12","SABD0002000014","AAV2.0.0.13","3.0.1.1413","PSt7-10","180509-029","9/13/2019 10:47:01 AM","0000-00","0","no battery","V"
"10/22/2019","10:37:55","10","default","328281339","OXY_CH10","14.564","min","129.094","μmol/L","Humid","21.288","deg","131880","µV","38.889","°C","1014.000","hPa","36.0","pmil","0","55.560","deg","20.000","°C","100.000","%a.s.","22.340","deg","20.000","°C","962.000","hPa","0.861","-0.02617","0.00035","0","0","13.56","Humid","31.50","0","54.10","284030.25","SABD0002000014","AAV2.0.0.13","3.0.1.1413","PSt7-10","180509-029","9/13/2019 10:47:01 AM","0000-00","0","no battery","V"
"10/22/2019","10:37:56","10","default","328281339","OXY_CH10","14.580","min","129.105","μmol/L","Humid","21.290","deg","131885","µV","38.883","°C","1014.000","hPa","36.0","pmil","0","55.560","deg","20.000","°C","100.000","%a.s.","22.340","deg","20.000","°C","962.000","hPa","0.861","-0.02617","0.00035","0","0","13.56","Humid","31.50","0","54.10","284027.96","SABD0002000014","AAV2.0.0.13","3.0.1.1413","PSt7-10","180509-029","9/13/2019 10:47:01 AM","0000-00","0","no battery","V"
"10/22/2019","10:37:57","10","default","328281339","OXY_CH10","14.597","min","129.105","μmol/L","Humid","21.290","deg","131885","µV","38.883","°C","1014.000","hPa","36.0","pmil","0","55.560","deg","20.000","°C","100.000","%a.s.","22.340","deg","20.000","°C","962.000","hPa","0.861","-0.02617","0.00035","0","0","13.56","Humid","31.50","0","54.10","284031.32","SABD0002000014","AAV2.0.0.13","3.0.1.1413","PSt7-10","180509-029","9/13/2019 10:47:01 AM","0000-00","0","no battery","V"
"10/22/2019","10:37:58","10","default","328281339","OXY_CH10","14.614","min","129.117","μmol/L","Humid","21.289","deg","131885","µV","38.883","°C","1014.000","hPa","36.0","pmil","0","55.560","deg","20.000","°C","100.000","%a.s.","22.340","deg","20.000","°C","962.000","hPa","0.861","-0.02617","0.00035","0","0","13.56","Humid","31.50","0","54.10","284017.13","SABD0002000014","AAV2.0.0.13","3.0.1.1413","PSt7-10","180509-029","9/13/2019 10:47:01 AM","0000-00","0","no battery","V"
"10/22/2019","10:37:59","10","default","328281339","OXY_CH10","14.631","min","129.071","μmol/L","Humid","21.293","deg","131882","µV","38.883","°C","1014.000","hPa","36.0","pmil","0","55.560","deg","20.000","°C","100.000","%a.s.","22.340","deg","20.000","°C","962.000","hPa","0.861","-0.02617","0.00035","0","0","13.56","Humid","31.50","0","54.10","284039.89","SABD0002000014","AAV2.0.0.13","3.0.1.1413","PSt7-10","180509-029","9/13/2019 10:47:01 AM","0000-00","0","no battery","V"
"10/22/2019","10:38:00","10","default","328281339","OXY_CH10","14.647","min","129.083","μmol/L","Humid","21.292","deg","131884","µV","38.883","°C","1014.000","hPa","36.0","pmil","0","55.560","deg","20.000","°C","100.000","%a.s.","22.340","deg","20.000","°C","962.000","hPa","0.861","-0.02617","0.00035","0","0","13.56","Humid","31.50","0","54.10","284023.06","SABD0002000014","AAV2.0.0.13","3.0.1.1413","PSt7-10","180509-029","9/13/2019 10:47:01 AM","0000-00","0","no battery","V"
"10/22/2019","10:38:01","10","default","328281339","OXY_CH10","14.664","min","129.094","μmol/L","Humid","21.288","deg","131883","µV","38.889","°C","1014.000","hPa","36.0","pmil","0","55.560","deg","20.000","°C","100.000","%a.s.","22.340","deg","20.000","°C","962.000","hPa","0.861","-0.02617","0.00035","0","0","13.56","Humid","31.50","0","54.10","284030.74","SABD0002000014","AAV2.0.0.13","3.0.1.1413","PSt7-10","180509-029","9/13/2019 10:47:01 AM","0000-00","0","no battery","V"
"10/22/2019","10:38:02","10","default","328281339","OXY_CH10","14.686","min","129.083","μmol/L","Humid","21.292","deg","131912","µV","38.883","°C","1014.000","hPa","36.0","pmil","0","55.560","deg","20.000","°C","100.000","%a.s.","22.340","deg","20.000","°C","962.000","hPa","0.861","-0.02617","0.00035","0","0","13.56","Humid","31.50","0","54.10","284053.12","SABD0002000014","AAV2.0.0.13","3.0.1.1413","PSt7-10","180509-029","9/13/2019 10:47:01 AM","0000-00","0","no battery","V"
"10/22/2019","10:38:03","10","default","328281339","OXY_CH10","14.697","min","129.083","μmol/L","Humid","21.292","deg","131889","µV","38.883","°C","1014.000","hPa","36.0","pmil","0","55.560","deg","20.000","°C","100.000","%a.s.","22.340","deg","20.000","°C","962.000","hPa","0.861","-0.02617","0.00035","0","0","13.56","Humid","31.50","0","54.10","284018.68","SABD0002000014","AAV2.0.0.13","3.0.1.1413","PSt7-10","180509-029","9/13/2019 10:47:01 AM","0000-00","0","no battery","V"
"10/22/2019","10:38:04","10","default","328281339","OXY_CH10","14.714","min","129.003","μmol/L","Humid","21.296","deg","131887","µV","38.889","°C","1014.000","hPa","36.0","pmil","0","55.560","deg","20.000","°C","100.000","%a.s.","22.340","deg","20.000","°C","962.000","hPa","0.861","-0.02617","0.00035","0","0","13.56","Humid","31.50","0","54.10","284021.59","SABD0002000014","AAV2.0.0.13","3.0.1.1413","PSt7-10","180509-029","9/13/2019 10:47:01 AM","0000-00","0","no battery","V"
"10/22/2019","10:38:05","10","default","328281339","OXY_CH10","14.730","min","129.026","μmol/L","Humid","21.297","deg","131893","µV","38.883","°C","1014.000","hPa","36.0","pmil","0","55.560","deg","20.000","°C","100.000","%a.s.","22.340","deg","20.000","°C","962.000","hPa","0.861","-0.02617","0.00035","0","0","13.56","Humid","31.50","0","54.10","284023.70","SABD0002000014","AAV2.0.0.13","3.0.1.1413","PSt7-10","180509-029","9/13/2019 10:47:01 AM","0000-00","0","no battery","V"
"10/22/2019","10:38:06","10","default","328281339","OXY_CH10","14.747","min","129.048","μmol/L","Humid","21.295","deg","131902","µV","38.883","°C","1014.000","hPa","36.0","pmil","0","55.560","deg","20.000","°C","100.000","%a.s.","22.340","deg","20.000","°C","962.000","hPa","0.861","-0.02617","0.00035","0","0","13.56","Humid","31.50","0","54.10","284032.06","SABD0002000014","AAV2.0.0.13","3.0.1.1413","PSt7-10","180509-029","9/13/2019 10:47:01 AM","0000-00","0","no battery","V"
"10/22/2019","10:38:07","10","default","328281339","OXY_CH10","14.764","min","129.037","μmol/L","Humid","21.296","deg","131894","µV","38.883","°C","1014.000","hPa","36.0","pmil","0","55.560","deg","20.000","°C","100.000","%a.s.","22.340","deg","20.000","°C","962.000","hPa","0.861","-0.02617","0.00035","0","0","13.56","Humid","31.50","0","54.10","284023.75","SABD0002000014","AAV2.0.0.13","3.0.1.1413","PSt7-10","180509-029","9/13/2019 10:47:01 AM","0000-00","0","no battery","V"
"10/22/2019","10:38:08","10","default","328281339","OXY_CH10","14.781","min","129.037","μmol/L","Humid","21.296","deg","131902","µV","38.883","°C","1014.000","hPa","36.0","pmil","0","55.560","deg","20.000","°C","100.000","%a.s.","22.340","deg","20.000","°C","962.000","hPa","0.861","-0.02617","0.00035","0","0","13.56","Humid","31.50","0","54.10","284020.91","SABD0002000014","AAV2.0.0.13","3.0.1.1413","PSt7-10","180509-029","9/13/2019 10:47:01 AM","0000-00","0","no battery","V"
"10/22/2019","10:38:09","10","default","328281339","OXY_CH10","14.797","min","129.083","μmol/L","Humid","21.292","deg","131905","µV","38.883","°C","1014.000","hPa","36.0","pmil","0","55.560","deg","20.000","°C","100.000","%a.s.","22.340","deg","20.000","°C","962.000","hPa","0.861","-0.02617","0.00035","0","0","13.56","Humid","31.50","0","54.10","284021.90","SABD0002000014","AAV2.0.0.13","3.0.1.1413","PSt7-10","180509-029","9/13/2019 10:47:01 AM","0000-00","0","no battery","V"
"10/22/2019","10:38:10","10","default","328281339","OXY_CH10","14.814","min","129.060","μmol/L","Humid","21.294","deg","131891","µV","38.883","°C","1014.000","hPa","36.0","pmil","0","55.560","deg","20.000","°C","100.000","%a.s.","22.340","deg","20.000","°C","962.000","hPa","0.861","-0.02617","0.00035","0","0","13.56","Humid","31.50","0","54.10","284019.87","SABD0002000014","AAV2.0.0.13","3.0.1.1413","PSt7-10","180509-029","9/13/2019 10:47:01 AM","0000-00","0","no battery","V"
"10/22/2019","10:38:11","10","default","328281339","OXY_CH10","14.831","min","129.048","μmol/L","Humid","21.295","deg","131900","µV","38.883","°C","1014.000","hPa","36.0","pmil","0","55.560","deg","20.000","°C","100.000","%a.s.","22.340","deg","20.000","°C","962.000","hPa","0.861","-0.02617","0.00035","0","0","13.56","Humid","31.50","0","54.10","284011.87","SABD0002000014","AAV2.0.0.13","3.0.1.1413","PSt7-10","180509-029","9/13/2019 10:47:01 AM","0000-00","0","no battery","V"
"10/22/2019","10:38:12","10","default","328281339","OXY_CH10","14.847","min","129.037","μmol/L","Humid","21.296","deg","131897","µV","38.883","°C","1014.000","hPa","36.0","pmil","0","55.560","deg","20.000","°C","100.000","%a.s.","22.340","deg","20.000","°C","962.000","hPa","0.861","-0.02617","0.00035","0","0","13.56","Humid","31.50","0","54.10","284012.53","SABD0002000014","AAV2.0.0.13","3.0.1.1413","PSt7-10","180509-029","9/13/2019 10:47:01 AM","0000-00","0","no battery","V"
"10/22/2019","10:38:13","10","default","328281339","OXY_CH10","14.864","min","129.048","μmol/L","Humid","21.298","deg","131909","µV","38.877","°C","1014.000","hPa","36.0","pmil","0","55.560","deg","20.000","°C","100.000","%a.s.","22.340","deg","20.000","°C","962.000","hPa","0.861","-0.02617","0.00035","0","0","13.56","Humid","31.50","0","54.10","284025.84","SABD0002000014","AAV2.0.0.13","3.0.1.1413","PSt7-10","180509-029","9/13/2019 10:47:01 AM","0000-00","0","no battery","V"
"10/22/2019","10:38:14","10","default","328281339","OXY_CH10","14.881","min","129.071","μmol/L","Humid","21.293","deg","131901","µV","38.883","°C","1014.000","hPa","36.0","pmil","0","55.560","deg","20.000","°C","100.000","%a.s.","22.340","deg","20.000","°C","962.000","hPa","0.861","-0.02617","0.00035","0","0","13.56","Humid","31.50","0","54.10","284014.46","SABD0002000014","AAV2.0.0.13","3.0.1.1413","PSt7-10","180509-029","9/13/2019 10:47:01 AM","0000-00","0","no battery","V"
"10/22/2019","10:38:15","10","default","328281339","OXY_CH10","14.897","min","129.014","μmol/L","Humid","21.298","deg","131907","µV","38.883","°C","1014.000","hPa","36.0","pmil","0","55.560","deg","20.000","°C","100.000","%a.s.","22.340","deg","20.000","°C","962.000","hPa","0.861","-0.02617","0.00035","0","0","13.56","Humid","31.50","0","54.10","284005.58","SABD0002000014","AAV2.0.0.13","3.0.1.1413","PSt7-10","180509-029","9/13/2019 10:47:01 AM","0000-00","0","no battery","V"
"10/22/2019","10:38:16","10","default","328281339","OXY_CH10","14.914","min","129.060","μmol/L","Humid","21.294","deg","131912","µV","38.883","°C","1014.000","hPa","36.0","pmil","0","55.560","deg","20.000","°C","100.000","%a.s.","22.340","deg","20.000","°C","962.000","hPa","0.861","-0.02617","0.00035","0","0","13.56","Humid","31.50","0","54.10","284026.97","SABD0002000014","AAV2.0.0.13","3.0.1.1413","PSt7-10","180509-029","9/13/2019 10:47:01 AM","0000-00","0","no battery","V"
"10/22/2019","10:38:17","10","default","328281339","OXY_CH10","14.930","min","128.992","μmol/L","Humid","21.297","deg","131915","µV","38.889","°C","1014.000","hPa","36.0","pmil","0","55.560","deg","20.000","°C","100.000","%a.s.","22.340","deg","20.000","°C","962.000","hPa","0.861","-0.02617","0.00035","0","0","13.56","Humid","31.50","0","54.10","284030.07","SABD0002000014","AAV2.0.0.13","3.0.1.1413","PSt7-10","180509-029","9/13/2019 10:47:01 AM","0000-00","0","no battery","V"
"10/22/2019","10:38:18","10","default","328281339","OXY_CH10","14.947","min","129.026","μmol/L","Humid","21.297","deg","131917","µV","38.883","°C","1014.000","hPa","36.0","pmil","0","55.560","deg","20.000","°C","100.000","%a.s.","22.340","deg","20.000","°C","962.000","hPa","0.861","-0.02617","0.00035","0","0","13.56","Humid","31.50","0","54.10","284027.96","SABD0002000014","AAV2.0.0.13","3.0.1.1413","PSt7-10","180509-029","9/13/2019 10:47:01 AM","0000-00","0","no battery","V"
"10/22/2019","10:38:19","10","default","328281339","OXY_CH10","14.964","min","129.014","μmol/L","Humid","21.298","deg","131915","µV","38.883","°C","1014.000","hPa","36.0","pmil","0","55.560","deg","20.000","°C","100.000","%a.s.","22.340","deg","20.000","°C","962.000","hPa","0.861","-0.02617","0.00035","0","0","13.56","Humid","31.50","0","54.10","284006.91","SABD0002000014","AAV2.0.0.13","3.0.1.1413","PSt7-10","180509-029","9/13/2019 10:47:01 AM","0000-00","0","no battery","V"
"10/22/2019","10:38:20","10","default","328281339","OXY_CH10","14.980","min","128.969","μmol/L","Humid","21.299","deg","131915","µV","38.889","°C","1014.000","hPa","36.0","pmil","0","55.560","deg","20.000","°C","100.000","%a.s.","22.340","deg","20.000","°C","962.000","hPa","0.861","-0.02617","0.00035","0","0","13.56","Humid","31.50","0","54.10","284023.81","SABD0002000014","AAV2.0.0.13","3.0.1.1413","PSt7-10","180509-029","9/13/2019 10:47:01 AM","0000-00","0","no battery","V"
"10/22/2019","10:38:21","10","default","328281339","OXY_CH10","14.998","min","129.014","μmol/L","Humid","21.301","deg","131917","µV","38.877","°C","1014.000","hPa","36.0","pmil","0","55.560","deg","20.000","°C","100.000","%a.s.","22.340","deg","20.000","°C","962.000","hPa","0.861","-0.02617","0.00035","0","0","13.56","Humid","31.50","0","54.10","284020.58","SABD0002000014","AAV2.0.0.13","3.0.1.1413","PSt7-10","180509-029","9/13/2019 10:47:01 AM","0000-00","0","no battery","V"
"10/22/2019","10:38:22","10","default","328281339","OXY_CH10","15.014","min","129.026","μmol/L","Humid","21.297","deg","131918","µV","38.883","°C","1014.000","hPa","36.0","pmil","0","55.560","deg","20.000","°C","100.000","%a.s.","22.340","deg","20.000","°C","962.000","hPa","0.861","-0.02617","0.00035","0","0","13.56","Humid","31.50","0","54.10","284022.57","SABD0002000014","AAV2.0.0.13","3.0.1.1413","PSt7-10","180509-029","9/13/2019 10:47:01 AM","0000-00","0","no battery","V"
"10/22/2019","10:38:23","10","default","328281339","OXY_CH10","15.031","min","129.003","μmol/L","Humid","21.299","deg","131914","µV","38.883","°C","1014.000","hPa","36.0","pmil","0","55.560","deg","20.000","°C","100.000","%a.s.","22.340","deg","20.000","°C","962.000","hPa","0.861","-0.02617","0.00035","0","0","13.56","Humid","31.50","0","54.10","284012.97","SABD0002000014","AAV2.0.0.13","3.0.1.1413","PSt7-10","180509-029","9/13/2019 10:47:01 AM","0000-00","0","no battery","V"
"10/22/2019","10:38:24","10","default","328281339","OXY_CH10","15.047","min","128.991","μmol/L","Humid","21.300","deg","131905","µV","38.883","°C","1014.000","hPa","36.0","pmil","0","55.560","deg","20.000","°C","100.000","%a.s.","22.340","deg","20.000","°C","962.000","hPa","0.861","-0.02617","0.00035","0","0","13.56","Humid","31.50","0","54.10","284013.29","SABD0002000014","AAV2.0.0.13","3.0.1.1413","PSt7-10","180509-029","9/13/2019 10:47:01 AM","0000-00","0","no battery","V"
"10/22/2019","10:38:25","10","default","328281339","OXY_CH10","15.063","min","128.980","μmol/L","Humid","21.301","deg","131917","µV","38.883","°C","1014.000","hPa","36.0","pmil","0","55.560","deg","20.000","°C","100.000","%a.s.","22.340","deg","20.000","°C","962.000","hPa","0.861","-0.02617","0.00035","0","0","13.56","Humid","31.50","0","54.10","284007.11","SABD0002000014","AAV2.0.0.13","3.0.1.1413","PSt7-10","180509-029","9/13/2019 10:47:01 AM","0000-00","0","no battery","V"
"10/22/2019","10:38:26","10","default","328281339","OXY_CH10","15.081","min","129.026","μmol/L","Humid","21.297","deg","131914","µV","38.883","°C","1014.000","hPa","36.0","pmil","0","55.560","deg","20.000","°C","100.000","%a.s.","22.340","deg","20.000","°C","962.000","hPa","0.861","-0.02617","0.00035","0","0","13.56","Humid","31.50","0","54.10","284010.39","SABD0002000014","AAV2.0.0.13","3.0.1.1413","PSt7-10","180509-029","9/13/2019 10:47:01 AM","0000-00","0","no battery","V"
"10/22/2019","10:38:27","10","default","328281339","OXY_CH10","15.097","min","129.036","μmol/L","Humid","21.299","deg","131920","µV","38.877","°C","1014.000","hPa","36.0","pmil","0","55.560","deg","20.000","°C","100.000","%a.s.","22.340","deg","20.000","°C","962.000","hPa","0.861","-0.02617","0.00035","0","0","13.56","Humid","31.50","0","54.10","284023.99","SABD0002000014","AAV2.0.0.13","3.0.1.1413","PSt7-10","180509-029","9/13/2019 10:47:01 AM","0000-00","0","no battery","V"
"10/22/2019","10:38:28","10","default","328281339","OXY_CH10","15.114","min","129.025","μmol/L","Humid","21.300","deg","131921","µV","38.877","°C","1014.000","hPa","36.0","pmil","0","55.560","deg","20.000","°C","100.000","%a.s.","22.340","deg","20.000","°C","962.000","hPa","0.861","-0.02617","0.00035","0","0","13.56","Humid","31.50","0","54.10","284011.47","SABD0002000014","AAV2.0.0.13","3.0.1.1413","PSt7-10","180509-029","9/13/2019 10:47:01 AM","0000-00","0","no battery","V"
"10/22/2019","10:38:29","10","default","328281339","OXY_CH10","15.131","min","129.002","μmol/L","Humid","21.302","deg","131923","µV","38.877","°C","1014.000","hPa","36.0","pmil","0","55.560","deg","20.000","°C","100.000","%a.s.","22.340","deg","20.000","°C","962.000","hPa","0.861","-0.02617","0.00035","0","0","13.56","Humid","31.50","0","54.10","284022.97","SABD0002000014","AAV2.0.0.13","3.0.1.1413","PSt7-10","180509-029","9/13/2019 10:47:01 AM","0000-00","0","no battery","V"
"10/22/2019","10:38:30","10","default","328281339","OXY_CH10","15.147","min","128.969","μmol/L","Humid","21.302","deg","131922","µV","38.883","°C","1014.000","hPa","36.0","pmil","0","55.560","deg","20.000","°C","100.000","%a.s.","22.340","deg","20.000","°C","962.000","hPa","0.861","-0.02617","0.00035","0","0","13.56","Humid","31.50","0","54.10","284016.21","SABD0002000014","AAV2.0.0.13","3.0.1.1413","PSt7-10","180509-029","9/13/2019 10:47:01 AM","0000-00","0","no battery","V"
"10/22/2019","10:38:31","10","default","328281339","OXY_CH10","15.164","min","128.991","μmol/L","Humid","21.300","deg","131916","µV","38.883","°C","1014.000","hPa","36.0","pmil","0","55.560","deg","20.000","°C","100.000","%a.s.","22.340","deg","20.000","°C","962.000","hPa","0.861","-0.02617","0.00035","0","0","13.56","Humid","31.50","0","54.10","284014.47","SABD0002000014","AAV2.0.0.13","3.0.1.1413","PSt7-10","180509-029","9/13/2019 10:47:01 AM","0000-00","0","no battery","V"
"10/22/2019","10:38:32","10","default","328281339","OXY_CH10","15.180","min","129.059","μmol/L","Humid","21.297","deg","131914","µV","38.877","°C","1014.000","hPa","36.0","pmil","0","55.560","deg","20.000","°C","100.000","%a.s.","22.340","deg","20.000","°C","962.000","hPa","0.861","-0.02617","0.00035","0","0","13.56","Humid","31.50","0","54.10","284012.33","SABD0002000014","AAV2.0.0.13","3.0.1.1413","PSt7-10","180509-029","9/13/2019 10:47:01 AM","0000-00","0","no battery","V"
"10/22/2019","10:38:33","10","default","328281339","OXY_CH10","15.197","min","128.946","μmol/L","Humid","21.301","deg","131921","µV","38.889","°C","1014.000","hPa","36.0","pmil","0","55.560","deg","20.000","°C","100.000","%a.s.","22.340","deg","20.000","°C","962.000","hPa","0.861","-0.02617","0.00035","0","0","13.56","Humid","31.50","0","54.10","284007.67","SABD0002000014","AAV2.0.0.13","3.0.1.1413","PSt7-10","180509-029","9/13/2019 10:47:01 AM","0000-00","0","no battery","V"
"10/22/2019","10:38:34","10","default","328281339","OXY_CH10","15.214","min","129.003","μmol/L","Humid","21.299","deg","131913","µV","38.883","°C","1014.000","hPa","36.0","pmil","0","55.560","deg","20.000","°C","100.000","%a.s.","22.340","deg","20.000","°C","962.000","hPa","0.861","-0.02617","0.00035","0","0","13.56","Humid","31.50","0","54.10","284012.27","SABD0002000014","AAV2.0.0.13","3.0.1.1413","PSt7-10","180509-029","9/13/2019 10:47:01 AM","0000-00","0","no battery","V"
"10/22/2019","10:38:35","10","default","328281339","OXY_CH10","15.232","min","128.946","μmol/L","Humid","21.301","deg","131915","µV","38.889","°C","1014.000","hPa","36.0","pmil","0","55.560","deg","20.000","°C","100.000","%a.s.","22.340","deg","20.000","°C","962.000","hPa","0.861","-0.02617","0.00035","0","0","13.56","Humid","31.50","0","54.10","284013.26","SABD0002000014","AAV2.0.0.13","3.0.1.1413","PSt7-10","180509-029","9/13/2019 10:47:01 AM","0000-00","0","no battery","V"
"10/22/2019","10:38:36","10","default","328281339","OXY_CH10","15.247","min","128.957","μmol/L","Humid","21.303","deg","131926","µV","38.883","°C","1014.000","hPa","36.0","pmil","0","55.560","deg","20.000","°C","100.000","%a.s.","22.340","deg","20.000","°C","962.000","hPa","0.861","-0.02617","0.00035","0","0","13.56","Humid","31.50","0","54.10","284004.34","SABD0002000014","AAV2.0.0.13","3.0.1.1413","PSt7-10","180509-029","9/13/2019 10:47:01 AM","0000-00","0","no battery","V"
"10/22/2019","10:38:37","10","default","328281339","OXY_CH10","15.264","min","128.991","μmol/L","Humid","21.300","deg","131924","µV","38.883","°C","1014.000","hPa","36.0","pmil","0","55.560","deg","20.000","°C","100.000","%a.s.","22.340","deg","20.000","°C","962.000","hPa","0.861","-0.02617","0.00035","0","0","13.56","Humid","31.50","0","54.10","284013.78","SABD0002000014","AAV2.0.0.13","3.0.1.1413","PSt7-10","180509-029","9/13/2019 10:47:01 AM","0000-00","0","no battery","V"
"10/22/2019","10:38:38","10","default","328281339","OXY_CH10","15.280","min","128.991","μmol/L","Humid","21.300","deg","131928","µV","38.883","°C","1014.000","hPa","36.0","pmil","0","55.560","deg","20.000","°C","100.000","%a.s.","22.340","deg","20.000","°C","962.000","hPa","0.861","-0.02617","0.00035","0","0","13.56","Humid","31.50","0","54.10","284006.72","SABD0002000014","AAV2.0.0.13","3.0.1.1413","PSt7-10","180509-029","9/13/2019 10:47:01 AM","0000-00","0","no battery","V"
"10/22/2019","10:38:39","10","default","328281339","OXY_CH10","15.298","min","129.003","μmol/L","Humid","21.299","deg","131931","µV","38.883","°C","1014.000","hPa","36.0","pmil","0","55.560","deg","20.000","°C","100.000","%a.s.","22.340","deg","20.000","°C","962.000","hPa","0.861","-0.02617","0.00035","0","0","13.56","Humid","31.50","0","54.10","284013.71","SABD0002000014","AAV2.0.0.13","3.0.1.1413","PSt7-10","180509-029","9/13/2019 10:47:01 AM","0000-00","0","no battery","V"
"10/22/2019","10:38:40","10","default","328281339","OXY_CH10","15.314","min","128.934","μmol/L","Humid","21.305","deg","131941","µV","38.883","°C","1014.000","hPa","36.0","pmil","0","55.560","deg","20.000","°C","100.000","%a.s.","22.340","deg","20.000","°C","962.000","hPa","0.861","-0.02617","0.00035","0","0","13.56","Humid","31.50","0","54.10","284002.95","SABD0002000014","AAV2.0.0.13","3.0.1.1413","PSt7-10","180509-029","9/13/2019 10:47:01 AM","0000-00","0","no battery","V"
"10/22/2019","10:38:41","10","default","328281339","OXY_CH10","15.331","min","128.946","μmol/L","Humid","21.304","deg","131933","µV","38.883","°C","1014.000","hPa","36.0","pmil","0","55.560","deg","20.000","°C","100.000","%a.s.","22.340","deg","20.000","°C","962.000","hPa","0.861","-0.02617","0.00035","0","0","13.56","Humid","31.50","0","54.10","284011.49","SABD0002000014","AAV2.0.0.13","3.0.1.1413","PSt7-10","180509-029","9/13/2019 10:47:01 AM","0000-00","0","no battery","V"
"10/22/2019","10:38:42","10","default","328281339","OXY_CH10","15.347","min","128.968","μmol/L","Humid","21.305","deg","131938","µV","38.877","°C","1014.000","hPa","36.0","pmil","0","55.560","deg","20.000","°C","100.000","%a.s.","22.340","deg","20.000","°C","962.000","hPa","0.861","-0.02617","0.00035","0","0","13.56","Humid","31.50","0","54.10","284003.85","SABD0002000014","AAV2.0.0.13","3.0.1.1413","PSt7-10","180509-029","9/13/2019 10:47:01 AM","0000-00","0","no battery","V"
"10/22/2019","10:38:43","10","default","328281339","OXY_CH10","15.364","min","128.945","μmol/L","Humid","21.307","deg","131944","µV","38.877","°C","1014.000","hPa","36.0","pmil","0","55.560","deg","20.000","°C","100.000","%a.s.","22.340","deg","20.000","°C","962.000","hPa","0.861","-0.02617","0.00035","0","0","13.56","Humid","31.50","0","54.10","284002.14","SABD0002000014","AAV2.0.0.13","3.0.1.1413","PSt7-10","180509-029","9/13/2019 10:47:01 AM","0000-00","0","no battery","V"
"10/22/2019","10:38:44","10","default","328281339","OXY_CH10","15.380","min","128.912","μmol/L","Humid","21.307","deg","131947","µV","38.883","°C","1014.000","hPa","36.0","pmil","0","55.560","deg","20.000","°C","100.000","%a.s.","22.340","deg","20.000","°C","962.000","hPa","0.861","-0.02617","0.00035","0","0","13.56","Humid","31.50","0","54.10","284005.42","SABD0002000014","AAV2.0.0.13","3.0.1.1413","PSt7-10","180509-029","9/13/2019 10:47:01 AM","0000-00","0","no battery","V"
"10/22/2019","10:38:45","10","default","328281339","OXY_CH10","15.397","min","128.934","μmol/L","Humid","21.305","deg","131942","µV","38.883","°C","1014.000","hPa","36.0","pmil","0","55.560","deg","20.000","°C","100.000","%a.s.","22.340","deg","20.000","°C","962.000","hPa","0.861","-0.02617","0.00035","0","0","13.56","Humid","31.50","0","54.10","284015.11","SABD0002000014","AAV2.0.0.13","3.0.1.1413","PSt7-10","180509-029","9/13/2019 10:47:01 AM","0000-00","0","no battery","V"
"10/22/2019","10:38:46","10","default","328281339","OXY_CH10","15.414","min","128.934","μmol/L","Humid","21.305","deg","131940","µV","38.883","°C","1014.000","hPa","36.0","pmil","0","55.560","deg","20.000","°C","100.000","%a.s.","22.340","deg","20.000","°C","962.000","hPa","0.861","-0.02617","0.00035","0","0","13.56","Humid","31.50","0","54.10","284009.76","SABD0002000014","AAV2.0.0.13","3.0.1.1413","PSt7-10","180509-029","9/13/2019 10:47:01 AM","0000-00","0","no battery","V"
"10/22/2019","10:38:47","10","default","328281339","OXY_CH10","15.431","min","128.923","μmol/L","Humid","21.306","deg","131946","µV","38.883","°C","1014.000","hPa","36.0","pmil","0","55.560","deg","20.000","°C","100.000","%a.s.","22.340","deg","20.000","°C","962.000","hPa","0.861","-0.02617","0.00035","0","0","13.56","Humid","31.50","0","54.10","284017.51","SABD0002000014","AAV2.0.0.13","3.0.1.1413","PSt7-10","180509-029","9/13/2019 10:47:01 AM","0000-00","0","no battery","V"
"10/22/2019","10:38:48","10","default","328281339","OXY_CH10","15.447","min","128.968","μmol/L","Humid","21.305","deg","131948","µV","38.877","°C","1014.000","hPa","36.0","pmil","0","55.560","deg","20.000","°C","100.000","%a.s.","22.340","deg","20.000","°C","962.000","hPa","0.861","-0.02617","0.00035","0","0","13.56","Humid","31.50","0","54.10","284003.69","SABD0002000014","AAV2.0.0.13","3.0.1.1413","PSt7-10","180509-029","9/13/2019 10:47:01 AM","0000-00","0","no battery","V"
"10/22/2019","10:38:49","10","default","328281339","OXY_CH10","15.464","min","128.934","μmol/L","Humid","21.305","deg","131947","µV","38.883","°C","1014.000","hPa","36.0","pmil","0","55.560","deg","20.000","°C","100.000","%a.s.","22.340","deg","20.000","°C","962.000","hPa","0.861","-0.02617","0.00035","0","0","13.56","Humid","31.50","0","54.10","284010.12","SABD0002000014","AAV2.0.0.13","3.0.1.1413","PSt7-10","180509-029","9/13/2019 10:47:01 AM","0000-00","0","no battery","V"
"10/22/2019","10:38:50","10","default","328281339","OXY_CH10","15.481","min","128.957","μmol/L","Humid","21.306","deg","131953","µV","38.877","°C","1014.000","hPa","36.0","pmil","0","55.560","deg","20.000","°C","100.000","%a.s.","22.340","deg","20.000","°C","962.000","hPa","0.861","-0.02617","0.00035","0","0","13.56","Humid","31.50","0","54.10","284010.13","SABD0002000014","AAV2.0.0.13","3.0.1.1413","PSt7-10","180509-029","9/13/2019 10:47:01 AM","0000-00","0","no battery","V"
"10/22/2019","10:38:51","10","default","328281339","OXY_CH10","15.497","min","128.957","μmol/L","Humid","21.306","deg","131942","µV","38.877","°C","1014.000","hPa","36.0","pmil","0","55.560","deg","20.000","°C","100.000","%a.s.","22.340","deg","20.000","°C","962.000","hPa","0.861","-0.02617","0.00035","0","0","13.56","Humid","31.50","0","54.10","284001.06","SABD0002000014","AAV2.0.0.13","3.0.1.1413","PSt7-10","180509-029","9/13/2019 10:47:01 AM","0000-00","0","no battery","V"
"10/22/2019","10:38:52","10","default","328281339","OXY_CH10","15.514","min","128.946","μmol/L","Humid","21.304","deg","131947","µV","38.883","°C","1014.000","hPa","36.0","pmil","0","55.560","deg","20.000","°C","100.000","%a.s.","22.340","deg","20.000","°C","962.000","hPa","0.861","-0.02617","0.00035","0","0","13.56","Humid","31.50","0","54.10","284006.63","SABD0002000014","AAV2.0.0.13","3.0.1.1413","PSt7-10","180509-029","9/13/2019 10:47:01 AM","0000-00","0","no battery","V"
"10/22/2019","10:38:53","10","default","328281339","OXY_CH10","15.530","min","128.957","μmol/L","Humid","21.306","deg","131954","µV","38.877","°C","1014.000","hPa","36.0","pmil","0","55.560","deg","20.000","°C","100.000","%a.s.","22.340","deg","20.000","°C","962.000","hPa","0.861","-0.02617","0.00035","0","0","13.56","Humid","31.50","0","54.10","284004.58","SABD0002000014","AAV2.0.0.13","3.0.1.1413","PSt7-10","180509-029","9/13/2019 10:47:01 AM","0000-00","0","no battery","V"
"10/22/2019","10:38:54","10","default","328281339","OXY_CH10","15.547","min","128.957","μmol/L","Humid","21.306","deg","131956","µV","38.877","°C","1014.000","hPa","36.0","pmil","0","55.560","deg","20.000","°C","100.000","%a.s.","22.340","deg","20.000","°C","962.000","hPa","0.861","-0.02617","0.00035","0","0","13.56","Humid","31.50","0","54.10","283994.60","SABD0002000014","AAV2.0.0.13","3.0.1.1413","PSt7-10","180509-029","9/13/2019 10:47:01 AM","0000-00","0","no battery","V"
"10/22/2019","10:38:55","10","default","328281339","OXY_CH10","15.564","min","128.979","μmol/L","Humid","21.307","deg","131953","µV","38.871","°C","1014.000","hPa","36.0","pmil","0","55.560","deg","20.000","°C","100.000","%a.s.","22.340","deg","20.000","°C","962.000","hPa","0.861","-0.02617","0.00035","0","0","13.56","Humid","31.50","0","54.10","284008.99","SABD0002000014","AAV2.0.0.13","3.0.1.1413","PSt7-10","180509-029","9/13/2019 10:47:01 AM","0000-00","0","no battery","V"
"10/22/2019","10:38:56","10","default","328281339","OXY_CH10","15.581","min","128.900","μmol/L","Humid","21.308","deg","131955","µV","38.883","°C","1014.000","hPa","36.0","pmil","0","55.560","deg","20.000","°C","100.000","%a.s.","22.340","deg","20.000","°C","962.000","hPa","0.861","-0.02617","0.00035","0","0","13.56","Humid","31.50","0","54.10","284016.29","SABD0002000014","AAV2.0.0.13","3.0.1.1413","PSt7-10","180509-029","9/13/2019 10:47:01 AM","0000-00","0","no battery","V"
"10/22/2019","10:38:57","10","default","328281339","OXY_CH10","15.597","min","128.957","μmol/L","Humid","21.306","deg","131955","µV","38.877","°C","1014.000","hPa","36.0","pmil","0","55.560","deg","20.000","°C","100.000","%a.s.","22.340","deg","20.000","°C","962.000","hPa","0.861","-0.02617","0.00035","0","0","13.56","Humid","31.50","0","54.10","284010.25","SABD0002000014","AAV2.0.0.13","3.0.1.1413","PSt7-10","180509-029","9/13/2019 10:47:01 AM","0000-00","0","no battery","V"
"10/22/2019","10:38:58","10","default","328281339","OXY_CH10","15.614","min","128.979","μmol/L","Humid","21.307","deg","131956","µV","38.871","°C","1014.000","hPa","36.0","pmil","0","55.560","deg","20.000","°C","100.000","%a.s.","22.340","deg","20.000","°C","962.000","hPa","0.861","-0.02617","0.00035","0","0","13.56","Humid","31.50","0","54.10","284002.20","SABD0002000014","AAV2.0.0.13","3.0.1.1413","PSt7-10","180509-029","9/13/2019 10:47:01 AM","0000-00","0","no battery","V"
"10/22/2019","10:38:59","10","default","328281339","OXY_CH10","15.631","min","128.968","μmol/L","Humid","21.305","deg","131955","µV","38.877","°C","1014.000","hPa","36.0","pmil","0","55.560","deg","20.000","°C","100.000","%a.s.","22.340","deg","20.000","°C","962.000","hPa","0.861","-0.02617","0.00035","0","0","13.56","Humid","31.50","0","54.10","284010.65","SABD0002000014","AAV2.0.0.13","3.0.1.1413","PSt7-10","180509-029","9/13/2019 10:47:01 AM","0000-00","0","no battery","V"
"10/22/2019","10:39:00","10","default","328281339","OXY_CH10","15.647","min","128.912","μmol/L","Humid","21.307","deg","131948","µV","38.883","°C","1014.000","hPa","36.0","pmil","0","55.560","deg","20.000","°C","100.000","%a.s.","22.340","deg","20.000","°C","962.000","hPa","0.861","-0.02617","0.00035","0","0","13.56","Humid","31.50","0","54.10","284007.36","SABD0002000014","AAV2.0.0.13","3.0.1.1413","PSt7-10","180509-029","9/13/2019 10:47:01 AM","0000-00","0","no battery","V"
"10/22/2019","10:39:01","10","default","328281339","OXY_CH10","15.664","min","128.957","μmol/L","Humid","21.306","deg","131958","µV","38.877","°C","1014.000","hPa","36.0","pmil","0","55.560","deg","20.000","°C","100.000","%a.s.","22.340","deg","20.000","°C","962.000","hPa","0.861","-0.02617","0.00035","0","0","13.56","Humid","31.50","0","54.10","284012.94","SABD0002000014","AAV2.0.0.13","3.0.1.1413","PSt7-10","180509-029","9/13/2019 10:47:01 AM","0000-00","0","no battery","V"
"10/22/2019","10:39:02","10","default","328281339","OXY_CH10","15.680","min","128.934","μmol/L","Humid","21.308","deg","131943","µV","38.877","°C","1014.000","hPa","36.0","pmil","0","55.560","deg","20.000","°C","100.000","%a.s.","22.340","deg","20.000","°C","962.000","hPa","0.861","-0.02617","0.00035","0","0","13.56","Humid","31.50","0","54.10","283993.98","SABD0002000014","AAV2.0.0.13","3.0.1.1413","PSt7-10","180509-029","9/13/2019 10:47:01 AM","0000-00","0","no battery","V"
"10/22/2019","10:39:03","10","default","328281339","OXY_CH10","15.697","min","128.934","μmol/L","Humid","21.308","deg","131939","µV","38.877","°C","1014.000","hPa","36.0","pmil","0","55.560","deg","20.000","°C","100.000","%a.s.","22.340","deg","20.000","°C","962.000","hPa","0.861","-0.02617","0.00035","0","0","13.56","Humid","31.50","0","54.10","284003.70","SABD0002000014","AAV2.0.0.13","3.0.1.1413","PSt7-10","180509-029","9/13/2019 10:47:01 AM","0000-00","0","no battery","V"
"10/22/2019","10:39:04","10","default","328281339","OXY_CH10","15.714","min","128.911","μmol/L","Humid","21.310","deg","131948","µV","38.877","°C","1014.000","hPa","36.0","pmil","0","55.560","deg","20.000","°C","100.000","%a.s.","22.340","deg","20.000","°C","962.000","hPa","0.861","-0.02617","0.00035","0","0","13.56","Humid","31.50","0","54.10","284004.62","SABD0002000014","AAV2.0.0.13","3.0.1.1413","PSt7-10","180509-029","9/13/2019 10:47:01 AM","0000-00","0","no battery","V"
"10/22/2019","10:39:05","10","default","328281339","OXY_CH10","15.731","min","128.945","μmol/L","Humid","21.307","deg","131947","µV","38.877","°C","1014.000","hPa","36.0","pmil","0","55.560","deg","20.000","°C","100.000","%a.s.","22.340","deg","20.000","°C","962.000","hPa","0.861","-0.02617","0.00035","0","0","13.56","Humid","31.50","0","54.10","284005.57","SABD0002000014","AAV2.0.0.13","3.0.1.1413","PSt7-10","180509-029","9/13/2019 10:47:01 AM","0000-00","0","no battery","V"
"10/22/2019","10:39:06","10","default","328281339","OXY_CH10","15.747","min","128.934","μmol/L","Humid","21.308","deg","131956","µV","38.877","°C","1014.000","hPa","36.0","pmil","0","55.560","deg","20.000","°C","100.000","%a.s.","22.340","deg","20.000","°C","962.000","hPa","0.861","-0.02617","0.00035","0","0","13.56","Humid","31.50","0","54.10","284008.81","SABD0002000014","AAV2.0.0.13","3.0.1.1413","PSt7-10","180509-029","9/13/2019 10:47:01 AM","0000-00","0","no battery","V"
"10/22/2019","10:39:07","10","default","328281339","OXY_CH10","15.764","min","128.968","μmol/L","Humid","21.305","deg","131947","µV","38.877","°C","1014.000","hPa","36.0","pmil","0","55.560","deg","20.000","°C","100.000","%a.s.","22.340","deg","20.000","°C","962.000","hPa","0.861","-0.02617","0.00035","0","0","13.56","Humid","31.50","0","54.10","283999.63","SABD0002000014","AAV2.0.0.13","3.0.1.1413","PSt7-10","180509-029","9/13/2019 10:47:01 AM","0000-00","0","no battery","V"
"10/22/2019","10:39:08","10","default","328281339","OXY_CH10","15.780","min","128.934","μmol/L","Humid","21.308","deg","131953","µV","38.877","°C","1014.000","hPa","36.0","pmil","0","55.560","deg","20.000","°C","100.000","%a.s.","22.340","deg","20.000","°C","962.000","hPa","0.861","-0.02617","0.00035","0","0","13.56","Humid","31.50","0","54.10","283976.84","SABD0002000014","AAV2.0.0.13","3.0.1.1413","PSt7-10","180509-029","9/13/2019 10:47:01 AM","0000-00","0","no battery","V"
"10/22/2019","10:39:09","10","default","328281339","OXY_CH10","15.797","min","128.923","μmol/L","Humid","21.309","deg","131944","µV","38.877","°C","1014.000","hPa","36.0","pmil","0","55.560","deg","20.000","°C","100.000","%a.s.","22.340","deg","20.000","°C","962.000","hPa","0.861","-0.02617","0.00035","0","0","13.56","Humid","31.50","0","54.10","283991.93","SABD0002000014","AAV2.0.0.13","3.0.1.1413","PSt7-10","180509-029","9/13/2019 10:47:01 AM","0000-00","0","no battery","V"
"10/22/2019","10:39:10","10","default","328281339","OXY_CH10","15.814","min","128.900","μmol/L","Humid","21.308","deg","131946","µV","38.883","°C","1014.000","hPa","36.0","pmil","0","55.560","deg","20.000","°C","100.000","%a.s.","22.340","deg","20.000","°C","962.000","hPa","0.861","-0.02617","0.00035","0","0","13.56","Humid","31.50","0","54.10","283990.33","SABD0002000014","AAV2.0.0.13","3.0.1.1413","PSt7-10","180509-029","9/13/2019 10:47:01 AM","0000-00","0","no battery","V"
"10/22/2019","10:39:11","10","default","328281339","OXY_CH10","15.830","min","128.912","μmol/L","Humid","21.307","deg","131955","µV","38.883","°C","1014.000","hPa","36.0","pmil","0","55.560","deg","20.000","°C","100.000","%a.s.","22.340","deg","20.000","°C","962.000","hPa","0.861","-0.02617","0.00035","0","0","13.56","Humid","31.50","0","54.10","283997.24","SABD0002000014","AAV2.0.0.13","3.0.1.1413","PSt7-10","180509-029","9/13/2019 10:47:01 AM","0000-00","0","no battery","V"
"10/22/2019","10:39:12","10","default","328281339","OXY_CH10","15.847","min","128.889","μmol/L","Humid","21.309","deg","131959","µV","38.883","°C","1014.000","hPa","36.0","pmil","0","55.560","deg","20.000","°C","100.000","%a.s.","22.340","deg","20.000","°C","962.000","hPa","0.861","-0.02617","0.00035","0","0","13.56","Humid","31.50","0","54.10","284004.39","SABD0002000014","AAV2.0.0.13","3.0.1.1413","PSt7-10","180509-029","9/13/2019 10:47:01 AM","0000-00","0","no battery","V"
"10/22/2019","10:39:13","10","default","328281339","OXY_CH10","15.864","min","128.934","μmol/L","Humid","21.308","deg","131955","µV","38.877","°C","1014.000","hPa","36.0","pmil","0","55.560","deg","20.000","°C","100.000","%a.s.","22.340","deg","20.000","°C","962.000","hPa","0.861","-0.02617","0.00035","0","0","13.56","Humid","31.50","0","54.10","284007.76","SABD0002000014","AAV2.0.0.13","3.0.1.1413","PSt7-10","180509-029","9/13/2019 10:47:01 AM","0000-00","0","no battery","V"
"10/22/2019","10:39:14","10","default","328281339","OXY_CH10","15.881","min","128.934","μmol/L","Humid","21.308","deg","131967","µV","38.877","°C","1014.000","hPa","36.0","pmil","0","55.560","deg","20.000","°C","100.000","%a.s.","22.340","deg","20.000","°C","962.000","hPa","0.861","-0.02617","0.00035","0","0","13.56","Humid","31.50","0","54.10","284016.13","SABD0002000014","AAV2.0.0.13","3.0.1.1413","PSt7-10","180509-029","9/13/2019 10:47:01 AM","0000-00","0","no battery","V"
"10/22/2019","10:39:15","10","default","328281339","OXY_CH10","15.897","min","128.923","μmol/L","Humid","21.309","deg","131955","µV","38.877","°C","1014.000","hPa","36.0","pmil","0","55.560","deg","20.000","°C","100.000","%a.s.","22.340","deg","20.000","°C","962.000","hPa","0.861","-0.02617","0.00035","0","0","13.56","Humid","31.50","0","54.10","283992.92","SABD0002000014","AAV2.0.0.13","3.0.1.1413","PSt7-10","180509-029","9/13/2019 10:47:01 AM","0000-00","0","no battery","V"
"10/22/2019","10:39:16","10","default","328281339","OXY_CH10","15.914","min","128.922","μmol/L","Humid","21.312","deg","131965","µV","38.871","°C","1014.000","hPa","36.0","pmil","0","55.560","deg","20.000","°C","100.000","%a.s.","22.340","deg","20.000","°C","962.000","hPa","0.861","-0.02617","0.00035","0","0","13.56","Humid","31.50","0","54.10","283995.96","SABD0002000014","AAV2.0.0.13","3.0.1.1413","PSt7-10","180509-029","9/13/2019 10:47:01 AM","0000-00","0","no battery","V"
"10/22/2019","10:39:17","10","default","328281339","OXY_CH10","15.930","min","128.866","μmol/L","Humid","21.311","deg","131967","µV","38.883","°C","1014.000","hPa","36.0","pmil","0","55.560","deg","20.000","°C","100.000","%a.s.","22.340","deg","20.000","°C","962.000","hPa","0.861","-0.02617","0.00035","0","0","13.56","Humid","31.50","0","54.10","283999.04","SABD0002000014","AAV2.0.0.13","3.0.1.1413","PSt7-10","180509-029","9/13/2019 10:47:01 AM","0000-00","0","no battery","V"
"10/22/2019","10:39:18","10","default","328281339","OXY_CH10","15.948","min","128.889","μmol/L","Humid","21.312","deg","131969","µV","38.877","°C","1014.000","hPa","36.0","pmil","0","55.560","deg","20.000","°C","100.000","%a.s.","22.340","deg","20.000","°C","962.000","hPa","0.861","-0.02617","0.00035","0","0","13.56","Humid","31.50","0","54.10","283998.92","SABD0002000014","AAV2.0.0.13","3.0.1.1413","PSt7-10","180509-029","9/13/2019 10:47:01 AM","0000-00","0","no battery","V"
"10/22/2019","10:39:19","10","default","328281339","OXY_CH10","15.964","min","128.855","μmol/L","Humid","21.312","deg","131966","µV","38.883","°C","1014.000","hPa","36.0","pmil","0","55.560","deg","20.000","°C","100.000","%a.s.","22.340","deg","20.000","°C","962.000","hPa","0.861","-0.02617","0.00035","0","0","13.56","Humid","31.50","0","54.10","283988.99","SABD0002000014","AAV2.0.0.13","3.0.1.1413","PSt7-10","180509-029","9/13/2019 10:47:01 AM","0000-00","0","no battery","V"
"10/22/2019","10:39:20","10","default","328281339","OXY_CH10","15.981","min","128.923","μmol/L","Humid","21.306","deg","131964","µV","38.883","°C","1014.000","hPa","36.0","pmil","0","55.560","deg","20.000","°C","100.000","%a.s.","22.340","deg","20.000","°C","962.000","hPa","0.861","-0.02617","0.00035","0","0","13.56","Humid","31.50","0","54.10","283992.17","SABD0002000014","AAV2.0.0.13","3.0.1.1413","PSt7-10","180509-029","9/13/2019 10:47:01 AM","0000-00","0","no battery","V"
"10/22/2019","10:39:21","10","default","328281339","OXY_CH10","15.997","min","128.900","μmol/L","Humid","21.311","deg","131976","µV","38.877","°C","1014.000","hPa","36.0","pmil","0","55.560","deg","20.000","°C","100.000","%a.s.","22.340","deg","20.000","°C","962.000","hPa","0.861","-0.02617","0.00035","0","0","13.56","Humid","31.50","0","54.10","283990.27","SABD0002000014","AAV2.0.0.13","3.0.1.1413","PSt7-10","180509-029","9/13/2019 10:47:01 AM","0000-00","0","no battery","V"
"10/22/2019","10:39:22","10","default","328281339","OXY_CH10","16.014","min","128.922","μmol/L","Humid","21.312","deg","131973","µV","38.871","°C","1014.000","hPa","36.0","pmil","0","55.560","deg","20.000","°C","100.000","%a.s.","22.340","deg","20.000","°C","962.000","hPa","0.861","-0.02617","0.00035","0","0","13.56","Humid","31.50","0","54.10","283990.18","SABD0002000014","AAV2.0.0.13","3.0.1.1413","PSt7-10","180509-029","9/13/2019 10:47:01 AM","0000-00","0","no battery","V"
"10/22/2019","10:39:23","10","default","328281339","OXY_CH10","16.030","min","128.899","μmol/L","Humid","21.314","deg","131982","µV","38.871","°C","1014.000","hPa","36.0","pmil","0","55.560","deg","20.000","°C","100.000","%a.s.","22.340","deg","20.000","°C","962.000","hPa","0.861","-0.02617","0.00035","0","0","13.56","Humid","31.50","0","54.10","284000.65","SABD0002000014","AAV2.0.0.13","3.0.1.1413","PSt7-10","180509-029","9/13/2019 10:47:01 AM","0000-00","0","no battery","V"
"10/22/2019","10:39:24","10","default","328281339","OXY_CH10","16.047","min","128.832","μmol/L","Humid","21.314","deg","131984","µV","38.883","°C","1014.000","hPa","36.0","pmil","0","55.560","deg","20.000","°C","100.000","%a.s.","22.340","deg","20.000","°C","962.000","hPa","0.861","-0.02617","0.00035","0","0","13.56","Humid","31.50","0","54.10","283989.18","SABD0002000014","AAV2.0.0.13","3.0.1.1413","PSt7-10","180509-029","9/13/2019 10:47:01 AM","0000-00","0","no battery","V"
"10/22/2019","10:39:25","10","default","328281339","OXY_CH10","16.064","min","128.899","μmol/L","Humid","21.314","deg","131982","µV","38.871","°C","1014.000","hPa","36.0","pmil","0","55.560","deg","20.000","°C","100.000","%a.s.","22.340","deg","20.000","°C","962.000","hPa","0.861","-0.02617","0.00035","0","0","13.56","Humid","31.50","0","54.10","283994.61","SABD0002000014","AAV2.0.0.13","3.0.1.1413","PSt7-10","180509-029","9/13/2019 10:47:01 AM","0000-00","0","no battery","V"
"10/22/2019","10:39:26","10","default","328281339","OXY_CH10","16.081","min","128.877","μmol/L","Humid","21.313","deg","131989","µV","38.877","°C","1014.000","hPa","36.0","pmil","0","55.560","deg","20.000","°C","100.000","%a.s.","22.340","deg","20.000","°C","962.000","hPa","0.861","-0.02617","0.00035","0","0","13.56","Humid","31.50","0","54.10","283994.36","SABD0002000014","AAV2.0.0.13","3.0.1.1413","PSt7-10","180509-029","9/13/2019 10:47:01 AM","0000-00","0","no battery","V"
"10/22/2019","10:39:27","10","default","328281339","OXY_CH10","16.097","min","128.809","μmol/L","Humid","21.316","deg","131975","µV","38.883","°C","1014.000","hPa","36.0","pmil","0","55.560","deg","20.000","°C","100.000","%a.s.","22.340","deg","20.000","°C","962.000","hPa","0.861","-0.02617","0.00035","0","0","13.56","Humid","31.50","0","54.10","283983.26","SABD0002000014","AAV2.0.0.13","3.0.1.1413","PSt7-10","180509-029","9/13/2019 10:47:01 AM","0000-00","0","no battery","V"
"10/22/2019","10:39:28","10","default","328281339","OXY_CH10","16.114","min","128.809","μmol/L","Humid","21.316","deg","131982","µV","38.883","°C","1014.000","hPa","36.0","pmil","0","55.560","deg","20.000","°C","100.000","%a.s.","22.340","deg","20.000","°C","962.000","hPa","0.861","-0.02617","0.00035","0","0","13.56","Humid","31.50","0","54.10","283987.78","SABD0002000014","AAV2.0.0.13","3.0.1.1413","PSt7-10","180509-029","9/13/2019 10:47:01 AM","0000-00","0","no battery","V"
"10/22/2019","10:39:29","10","default","328281339","OXY_CH10","16.130","min","128.877","μmol/L","Humid","21.313","deg","131982","µV","38.877","°C","1014.000","hPa","36.0","pmil","0","55.560","deg","20.000","°C","100.000","%a.s.","22.340","deg","20.000","°C","962.000","hPa","0.861","-0.02617","0.00035","0","0","13.56","Humid","31.50","0","54.10","283981.72","SABD0002000014","AAV2.0.0.13","3.0.1.1413","PSt7-10","180509-029","9/13/2019 10:47:01 AM","0000-00","0","no battery","V"
"10/22/2019","10:39:30","10","default","328281339","OXY_CH10","16.147","min","128.910","μmol/L","Humid","21.316","deg","131986","µV","38.865","°C","1014.000","hPa","36.0","pmil","0","55.560","deg","20.000","°C","100.000","%a.s.","22.340","deg","20.000","°C","962.000","hPa","0.861","-0.02617","0.00035","0","0","13.56","Humid","31.50","0","54.10","283993.06","SABD0002000014","AAV2.0.0.13","3.0.1.1413","PSt7-10","180509-029","9/13/2019 10:47:01 AM","0000-00","0","no battery","V"
"10/22/2019","10:39:31","10","default","328281339","OXY_CH10","16.164","min","128.899","μmol/L","Humid","21.314","deg","131983","µV","38.871","°C","1014.000","hPa","36.0","pmil","0","55.560","deg","20.000","°C","100.000","%a.s.","22.340","deg","20.000","°C","962.000","hPa","0.861","-0.02617","0.00035","0","0","13.56","Humid","31.50","0","54.10","283989.72","SABD0002000014","AAV2.0.0.13","3.0.1.1413","PSt7-10","180509-029","9/13/2019 10:47:01 AM","0000-00","0","no battery","V"
"10/22/2019","10:39:32","10","default","328281339","OXY_CH10","16.180","min","128.843","μmol/L","Humid","21.316","deg","131998","µV","38.877","°C","1014.000","hPa","36.0","pmil","0","55.560","deg","20.000","°C","100.000","%a.s.","22.340","deg","20.000","°C","962.000","hPa","0.861","-0.02617","0.00035","0","0","13.56","Humid","31.50","0","54.10","283986.77","SABD0002000014","AAV2.0.0.13","3.0.1.1413","PSt7-10","180509-029","9/13/2019 10:47:01 AM","0000-00","0","no battery","V"
"10/22/2019","10:39:33","10","default","328281339","OXY_CH10","16.197","min","128.832","μmol/L","Humid","21.317","deg","131994","µV","38.877","°C","1014.000","hPa","36.0","pmil","0","55.560","deg","20.000","°C","100.000","%a.s.","22.340","deg","20.000","°C","962.000","hPa","0.861","-0.02617","0.00035","0","0","13.56","Humid","31.50","0","54.10","283984.68","SABD0002000014","AAV2.0.0.13","3.0.1.1413","PSt7-10","180509-029","9/13/2019 10:47:01 AM","0000-00","0","no battery","V"
"10/22/2019","10:39:34","10","default","328281339","OXY_CH10","16.214","min","128.889","μmol/L","Humid","21.312","deg","131995","µV","38.877","°C","1014.000","hPa","36.0","pmil","0","55.560","deg","20.000","°C","100.000","%a.s.","22.340","deg","20.000","°C","962.000","hPa","0.861","-0.02617","0.00035","0","0","13.56","Humid","31.50","0","54.10","283978.85","SABD0002000014","AAV2.0.0.13","3.0.1.1413","PSt7-10","180509-029","9/13/2019 10:47:01 AM","0000-00","0","no battery","V"
"10/22/2019","10:39:35","10","default","328281339","OXY_CH10","16.230","min","128.865","μmol/L","Humid","21.317","deg","131995","µV","38.871","°C","1014.000","hPa","36.0","pmil","0","55.560","deg","20.000","°C","100.000","%a.s.","22.340","deg","20.000","°C","962.000","hPa","0.861","-0.02617","0.00035","0","0","13.56","Humid","31.50","0","54.10","283982.70","SABD0002000014","AAV2.0.0.13","3.0.1.1413","PSt7-10","180509-029","9/13/2019 10:47:01 AM","0000-00","0","no battery","V"
"10/22/2019","10:39:36","10","default","328281339","OXY_CH10","16.248","min","128.888","μmol/L","Humid","21.315","deg","131992","µV","38.871","°C","1014.000","hPa","36.0","pmil","0","55.560","deg","20.000","°C","100.000","%a.s.","22.340","deg","20.000","°C","962.000","hPa","0.861","-0.02617","0.00035","0","0","13.56","Humid","31.50","0","54.10","283974.83","SABD0002000014","AAV2.0.0.13","3.0.1.1413","PSt7-10","180509-029","9/13/2019 10:47:01 AM","0000-00","0","no battery","V"
"10/22/2019","10:39:37","10","default","328281339","OXY_CH10","16.264","min","128.854","μmol/L","Humid","21.318","deg","131986","µV","38.871","°C","1014.000","hPa","36.0","pmil","0","55.560","deg","20.000","°C","100.000","%a.s.","22.340","deg","20.000","°C","962.000","hPa","0.861","-0.02617","0.00035","0","0","13.56","Humid","31.50","0","54.10","283985.20","SABD0002000014","AAV2.0.0.13","3.0.1.1413","PSt7-10","180509-029","9/13/2019 10:47:01 AM","0000-00","0","no battery","V"
"10/22/2019","10:39:38","10","default","328281339","OXY_CH10","16.281","min","128.877","μmol/L","Humid","21.316","deg","131995","µV","38.871","°C","1014.000","hPa","36.0","pmil","0","55.560","deg","20.000","°C","100.000","%a.s.","22.340","deg","20.000","°C","962.000","hPa","0.861","-0.02617","0.00035","0","0","13.56","Humid","31.50","0","54.10","283992.16","SABD0002000014","AAV2.0.0.13","3.0.1.1413","PSt7-10","180509-029","9/13/2019 10:47:01 AM","0000-00","0","no battery","V"
"10/22/2019","10:39:39","10","default","328281339","OXY_CH10","16.297","min","128.865","μmol/L","Humid","21.317","deg","131993","µV","38.871","°C","1014.000","hPa","36.0","pmil","0","55.560","deg","20.000","°C","100.000","%a.s.","22.340","deg","20.000","°C","962.000","hPa","0.861","-0.02617","0.00035","0","0","13.56","Humid","31.50","0","54.10","283985.47","SABD0002000014","AAV2.0.0.13","3.0.1.1413","PSt7-10","180509-029","9/13/2019 10:47:01 AM","0000-00","0","no battery","V"
"10/22/2019","10:39:40","10","default","328281339","OXY_CH10","16.314","min","128.854","μmol/L","Humid","21.318","deg","131993","µV","38.871","°C","1014.000","hPa","36.0","pmil","0","55.560","deg","20.000","°C","100.000","%a.s.","22.340","deg","20.000","°C","962.000","hPa","0.861","-0.02617","0.00035","0","0","13.56","Humid","31.50","0","54.10","283991.17","SABD0002000014","AAV2.0.0.13","3.0.1.1413","PSt7-10","180509-029","9/13/2019 10:47:01 AM","0000-00","0","no battery","V"
"10/22/2019","10:39:41","10","default","328281339","OXY_CH10","16.331","min","128.865","μmol/L","Humid","21.317","deg","131996","µV","38.871","°C","1014.000","hPa","36.0","pmil","0","55.560","deg","20.000","°C","100.000","%a.s.","22.340","deg","20.000","°C","962.000","hPa","0.861","-0.02617","0.00035","0","0","13.56","Humid","31.50","0","54.10","283989.85","SABD0002000014","AAV2.0.0.13","3.0.1.1413","PSt7-10","180509-029","9/13/2019 10:47:01 AM","0000-00","0","no battery","V"
"10/22/2019","10:39:42","10","default","328281339","OXY_CH10","16.347","min","128.832","μmol/L","Humid","21.317","deg","132001","µV","38.877","°C","1014.000","hPa","36.0","pmil","0","55.560","deg","20.000","°C","100.000","%a.s.","22.340","deg","20.000","°C","962.000","hPa","0.861","-0.02617","0.00035","0","0","13.56","Humid","31.50","0","54.10","283993.06","SABD0002000014","AAV2.0.0.13","3.0.1.1413","PSt7-10","180509-029","9/13/2019 10:47:01 AM","0000-00","0","no battery","V"
"10/22/2019","10:39:43","10","default","328281339","OXY_CH10","16.364","min","128.854","μmol/L","Humid","21.315","deg","132002","µV","38.877","°C","1014.000","hPa","36.0","pmil","0","55.560","deg","20.000","°C","100.000","%a.s.","22.340","deg","20.000","°C","962.000","hPa","0.861","-0.02617","0.00035","0","0","13.56","Humid","31.50","0","54.10","283996.21","SABD0002000014","AAV2.0.0.13","3.0.1.1413","PSt7-10","180509-029","9/13/2019 10:47:01 AM","0000-00","0","no battery","V"
"10/22/2019","10:39:44","10","default","328281339","OXY_CH10","16.381","min","128.786","μmol/L","Humid","21.321","deg","132000","µV","38.877","°C","1014.000","hPa","36.0","pmil","0","55.560","deg","20.000","°C","100.000","%a.s.","22.340","deg","20.000","°C","962.000","hPa","0.861","-0.02617","0.00035","0","0","13.56","Humid","31.50","0","54.10","283985.86","SABD0002000014","AAV2.0.0.13","3.0.1.1413","PSt7-10","180509-029","9/13/2019 10:47:01 AM","0000-00","0","no battery","V"
"10/22/2019","10:39:45","10","default","328281339","OXY_CH10","16.397","min","128.854","μmol/L","Humid","21.318","deg","131994","µV","38.871","°C","1014.000","hPa","36.0","pmil","0","55.560","deg","20.000","°C","100.000","%a.s.","22.340","deg","20.000","°C","962.000","hPa","0.861","-0.02617","0.00035","0","0","13.56","Humid","31.50","0","54.10","283988.61","SABD0002000014","AAV2.0.0.13","3.0.1.1413","PSt7-10","180509-029","9/13/2019 10:47:01 AM","0000-00","0","no battery","V"
"10/22/2019","10:39:46","10","default","328281339","OXY_CH10","16.414","min","128.809","μmol/L","Humid","21.319","deg","132006","µV","38.877","°C","1014.000","hPa","36.0","pmil","0","55.560","deg","20.000","°C","100.000","%a.s.","22.340","deg","20.000","°C","962.000","hPa","0.861","-0.02617","0.00035","0","0","13.56","Humid","31.50","0","54.10","283984.31","SABD0002000014","AAV2.0.0.13","3.0.1.1413","PSt7-10","180509-029","9/13/2019 10:47:01 AM","0000-00","0","no battery","V"
"10/22/2019","10:39:47","10","default","328281339","OXY_CH10","16.430","min","128.820","μmol/L","Humid","21.321","deg","132003","µV","38.871","°C","1014.000","hPa","36.0","pmil","0","55.560","deg","20.000","°C","100.000","%a.s.","22.340","deg","20.000","°C","962.000","hPa","0.861","-0.02617","0.00035","0","0","13.56","Humid","31.50","0","54.10","283989.24","SABD0002000014","AAV2.0.0.13","3.0.1.1413","PSt7-10","180509-029","9/13/2019 10:47:01 AM","0000-00","0","no battery","V"
"10/22/2019","10:39:48","10","default","328281339","OXY_CH10","16.447","min","128.820","μmol/L","Humid","21.321","deg","131999","µV","38.871","°C","1014.000","hPa","36.0","pmil","0","55.560","deg","20.000","°C","100.000","%a.s.","22.340","deg","20.000","°C","962.000","hPa","0.861","-0.02617","0.00035","0","0","13.56","Humid","31.50","0","54.10","283985.37","SABD0002000014","AAV2.0.0.13","3.0.1.1413","PSt7-10","180509-029","9/13/2019 10:47:01 AM","0000-00","0","no battery","V"
"10/22/2019","10:39:49","10","default","328281339","OXY_CH10","16.464","min","128.809","μmol/L","Humid","21.319","deg","132009","µV","38.877","°C","1014.000","hPa","36.0","pmil","0","55.560","deg","20.000","°C","100.000","%a.s.","22.340","deg","20.000","°C","962.000","hPa","0.861","-0.02617","0.00035","0","0","13.56","Humid","31.50","0","54.10","283991.04","SABD0002000014","AAV2.0.0.13","3.0.1.1413","PSt7-10","180509-029","9/13/2019 10:47:01 AM","0000-00","0","no battery","V"
"10/22/2019","10:39:50","10","default","328281339","OXY_CH10","16.480","min","128.809","μmol/L","Humid","21.319","deg","132017","µV","38.877","°C","1014.000","hPa","36.0","pmil","0","55.560","deg","20.000","°C","100.000","%a.s.","22.340","deg","20.000","°C","962.000","hPa","0.861","-0.02617","0.00035","0","0","13.56","Humid","31.50","0","54.10","283984.53","SABD0002000014","AAV2.0.0.13","3.0.1.1413","PSt7-10","180509-029","9/13/2019 10:47:01 AM","0000-00","0","no battery","V"
"10/22/2019","10:39:51","10","default","328281339","OXY_CH10","16.497","min","128.808","μmol/L","Humid","21.322","deg","132018","µV","38.871","°C","1014.000","hPa","36.0","pmil","0","55.560","deg","20.000","°C","100.000","%a.s.","22.340","deg","20.000","°C","962.000","hPa","0.861","-0.02617","0.00035","0","0","13.56","Humid","31.50","0","54.10","283982.19","SABD0002000014","AAV2.0.0.13","3.0.1.1413","PSt7-10","180509-029","9/13/2019 10:47:01 AM","0000-00","0","no battery","V"
"10/22/2019","10:39:52","10","default","328281339","OXY_CH10","16.514","min","128.808","μmol/L","Humid","21.322","deg","132013","µV","38.871","°C","1014.000","hPa","36.0","pmil","0","55.560","deg","20.000","°C","100.000","%a.s.","22.340","deg","20.000","°C","962.000","hPa","0.861","-0.02617","0.00035","0","0","13.56","Humid","31.50","0","54.10","283988.67","SABD0002000014","AAV2.0.0.13","3.0.1.1413","PSt7-10","180509-029","9/13/2019 10:47:01 AM","0000-00","0","no battery","V"
"10/22/2019","10:39:53","10","default","328281339","OXY_CH10","16.530","min","128.775","μmol/L","Humid","21.322","deg","132023","µV","38.877","°C","1014.000","hPa","36.0","pmil","0","55.560","deg","20.000","°C","100.000","%a.s.","22.340","deg","20.000","°C","962.000","hPa","0.861","-0.02617","0.00035","0","0","13.56","Humid","31.50","0","54.10","283979.85","SABD0002000014","AAV2.0.0.13","3.0.1.1413","PSt7-10","180509-029","9/13/2019 10:47:01 AM","0000-00","0","no battery","V"
"10/22/2019","10:39:54","10","default","328281339","OXY_CH10","16.547","min","128.786","μmol/L","Humid","21.321","deg","132025","µV","38.877","°C","1014.000","hPa","36.0","pmil","0","55.560","deg","20.000","°C","100.000","%a.s.","22.340","deg","20.000","°C","962.000","hPa","0.861","-0.02617","0.00035","0","0","13.56","Humid","31.50","0","54.10","283979.91","SABD0002000014","AAV2.0.0.13","3.0.1.1413","PSt7-10","180509-029","9/13/2019 10:47:01 AM","0000-00","0","no battery","V"
"10/22/2019","10:39:55","10","default","328281339","OXY_CH10","16.564","min","128.808","μmol/L","Humid","21.322","deg","132028","µV","38.871","°C","1014.000","hPa","36.0","pmil","0","55.560","deg","20.000","°C","100.000","%a.s.","22.340","deg","20.000","°C","962.000","hPa","0.861","-0.02617","0.00035","0","0","13.56","Humid","31.50","0","54.10","283974.83","SABD0002000014","AAV2.0.0.13","3.0.1.1413","PSt7-10","180509-029","9/13/2019 10:47:01 AM","0000-00","0","no battery","V"
"10/22/2019","10:39:56","10","default","328281339","OXY_CH10","16.580","min","128.786","μmol/L","Humid","21.321","deg","132023","µV","38.877","°C","1014.000","hPa","36.0","pmil","0","55.560","deg","20.000","°C","100.000","%a.s.","22.340","deg","20.000","°C","962.000","hPa","0.861","-0.02617","0.00035","0","0","13.56","Humid","31.50","0","54.10","283980.78","SABD0002000014","AAV2.0.0.13","3.0.1.1413","PSt7-10","180509-029","9/13/2019 10:47:01 AM","0000-00","0","no battery","V"
"10/22/2019","10:39:57","10","default","328281339","OXY_CH10","16.597","min","128.786","μmol/L","Humid","21.324","deg","132034","µV","38.871","°C","1014.000","hPa","36.0","pmil","0","55.560","deg","20.000","°C","100.000","%a.s.","22.340","deg","20.000","°C","962.000","hPa","0.861","-0.02617","0.00035","0","0","13.56","Humid","31.50","0","54.10","283983.32","SABD0002000014","AAV2.0.0.13","3.0.1.1413","PSt7-10","180509-029","9/13/2019 10:47:01 AM","0000-00","0","no battery","V"
"10/22/2019","10:39:58","10","default","328281339","OXY_CH10","16.613","min","128.753","μmol/L","Humid","21.321","deg","132027","µV","38.883","°C","1014.000","hPa","36.0","pmil","0","55.560","deg","20.000","°C","100.000","%a.s.","22.340","deg","20.000","°C","962.000","hPa","0.861","-0.02617","0.00035","0","0","13.56","Humid","31.50","0","54.10","283988.41","SABD0002000014","AAV2.0.0.13","3.0.1.1413","PSt7-10","180509-029","9/13/2019 10:47:01 AM","0000-00","0","no battery","V"
"10/22/2019","10:39:59","10","default","328281339","OXY_CH10","16.630","min","128.808","μmol/L","Humid","21.322","deg","132042","µV","38.871","°C","1014.000","hPa","36.0","pmil","0","55.560","deg","20.000","°C","100.000","%a.s.","22.340","deg","20.000","°C","962.000","hPa","0.861","-0.02617","0.00035","0","0","13.56","Humid","31.50","0","54.10","283974.12","SABD0002000014","AAV2.0.0.13","3.0.1.1413","PSt7-10","180509-029","9/13/2019 10:47:01 AM","0000-00","0","no battery","V"
"10/22/2019","10:40:00","10","default","328281339","OXY_CH10","16.647","min","128.774","μmol/L","Humid","21.325","deg","132035","µV","38.871","°C","1014.000","hPa","36.0","pmil","0","55.560","deg","20.000","°C","100.000","%a.s.","22.340","deg","20.000","°C","962.000","hPa","0.861","-0.02617","0.00035","0","0","13.56","Humid","31.50","0","54.10","283974.25","SABD0002000014","AAV2.0.0.13","3.0.1.1413","PSt7-10","180509-029","9/13/2019 10:47:01 AM","0000-00","0","no battery","V"
"10/22/2019","10:40:01","10","default","328281339","OXY_CH10","16.664","min","128.718","μmol/L","Humid","21.327","deg","132040","µV","38.877","°C","1014.000","hPa","36.0","pmil","0","55.560","deg","20.000","°C","100.000","%a.s.","22.340","deg","20.000","°C","962.000","hPa","0.861","-0.02617","0.00035","0","0","13.56","Humid","31.50","0","54.10","283972.38","SABD0002000014","AAV2.0.0.13","3.0.1.1413","PSt7-10","180509-029","9/13/2019 10:47:01 AM","0000-00","0","no battery","V"
"10/22/2019","10:40:02","10","default","328281339","OXY_CH10","16.681","min","128.729","μmol/L","Humid","21.329","deg","132047","µV","38.871","°C","1014.000","hPa","36.0","pmil","0","55.560","deg","20.000","°C","100.000","%a.s.","22.340","deg","20.000","°C","962.000","hPa","0.861","-0.02617","0.00035","0","0","13.56","Humid","31.50","0","54.10","283983.66","SABD0002000014","AAV2.0.0.13","3.0.1.1413","PSt7-10","180509-029","9/13/2019 10:47:01 AM","0000-00","0","no battery","V"
"10/22/2019","10:40:03","10","default","328281339","OXY_CH10","16.697","min","128.695","μmol/L","Humid","21.329","deg","132055","µV","38.877","°C","1014.000","hPa","36.0","pmil","0","55.560","deg","20.000","°C","100.000","%a.s.","22.340","deg","20.000","°C","962.000","hPa","0.861","-0.02617","0.00035","0","0","13.56","Humid","31.50","0","54.10","283980.65","SABD0002000014","AAV2.0.0.13","3.0.1.1413","PSt7-10","180509-029","9/13/2019 10:47:01 AM","0000-00","0","no battery","V"
"10/22/2019","10:40:04","10","default","328281339","OXY_CH10","16.714","min","128.763","μmol/L","Humid","21.326","deg","132064","µV","38.871","°C","1014.000","hPa","36.0","pmil","0","55.560","deg","20.000","°C","100.000","%a.s.","22.340","deg","20.000","°C","962.000","hPa","0.861","-0.02617","0.00035","0","0","13.56","Humid","31.50","0","54.10","283974.28","SABD0002000014","AAV2.0.0.13","3.0.1.1413","PSt7-10","180509-029","9/13/2019 10:47:01 AM","0000-00","0","no battery","V"
"10/22/2019","10:40:05","10","default","328281339","OXY_CH10","16.730","min","128.763","μmol/L","Humid","21.326","deg","132057","µV","38.871","°C","1014.000","hPa","36.0","pmil","0","55.560","deg","20.000","°C","100.000","%a.s.","22.340","deg","20.000","°C","962.000","hPa","0.861","-0.02617","0.00035","0","0","13.56","Humid","31.50","0","54.10","283974.58","SABD0002000014","AAV2.0.0.13","3.0.1.1413","PSt7-10","180509-029","9/13/2019 10:47:01 AM","0000-00","0","no battery","V"
"10/22/2019","10:40:06","10","default","328281339","OXY_CH10","16.747","min","128.718","μmol/L","Humid","21.330","deg","132069","µV","38.871","°C","1014.000","hPa","36.0","pmil","0","55.560","deg","20.000","°C","100.000","%a.s.","22.340","deg","20.000","°C","962.000","hPa","0.861","-0.02617","0.00035","0","0","13.56","Humid","31.50","0","54.10","283978.52","SABD0002000014","AAV2.0.0.13","3.0.1.1413","PSt7-10","180509-029","9/13/2019 10:47:01 AM","0000-00","0","no battery","V"
"10/22/2019","10:40:07","10","default","328281339","OXY_CH10","16.763","min","128.718","μmol/L","Humid","21.330","deg","132058","µV","38.871","°C","1014.000","hPa","36.0","pmil","0","55.560","deg","20.000","°C","100.000","%a.s.","22.340","deg","20.000","°C","962.000","hPa","0.861","-0.02617","0.00035","0","0","13.56","Humid","31.50","0","54.10","283964.68","SABD0002000014","AAV2.0.0.13","3.0.1.1413","PSt7-10","180509-029","9/13/2019 10:47:01 AM","0000-00","0","no battery","V"
"10/22/2019","10:40:08","10","default","328281339","OXY_CH10","16.780","min","128.718","μmol/L","Humid","21.330","deg","132065","µV","38.871","°C","1014.000","hPa","36.0","pmil","0","55.560","deg","20.000","°C","100.000","%a.s.","22.340","deg","20.000","°C","962.000","hPa","0.861","-0.02617","0.00035","0","0","13.56","Humid","31.50","0","54.10","283967.84","SABD0002000014","AAV2.0.0.13","3.0.1.1413","PSt7-10","180509-029","9/13/2019 10:47:01 AM","0000-00","0","no battery","V"
"10/22/2019","10:40:09","10","default","328281339","OXY_CH10","16.797","min","128.763","μmol/L","Humid","21.329","deg","132060","µV","38.865","°C","1014.000","hPa","36.0","pmil","0","55.560","deg","20.000","°C","100.000","%a.s.","22.340","deg","20.000","°C","962.000","hPa","0.861","-0.02617","0.00035","0","0","13.56","Humid","31.50","0","54.10","283972.62","SABD0002000014","AAV2.0.0.13","3.0.1.1413","PSt7-10","180509-029","9/13/2019 10:47:01 AM","0000-00","0","no battery","V"
"10/22/2019","10:40:10","10","default","328281339","OXY_CH10","16.813","min","128.718","μmol/L","Humid","21.330","deg","132056","µV","38.871","°C","1014.000","hPa","36.0","pmil","0","55.560","deg","20.000","°C","100.000","%a.s.","22.340","deg","20.000","°C","962.000","hPa","0.861","-0.02617","0.00035","0","0","13.56","Humid","31.50","0","54.10","283980.15","SABD0002000014","AAV2.0.0.13","3.0.1.1413","PSt7-10","180509-029","9/13/2019 10:47:01 AM","0000-00","0","no battery","V"
"10/22/2019","10:40:11","10","default","328281339","OXY_CH10","16.830","min","128.695","μmol/L","Humid","21.329","deg","132072","µV","38.877","°C","1014.000","hPa","36.0","pmil","0","55.560","deg","20.000","°C","100.000","%a.s.","22.340","deg","20.000","°C","962.000","hPa","0.861","-0.02617","0.00035","0","0","13.56","Humid","31.50","0","54.10","283985.48","SABD0002000014","AAV2.0.0.13","3.0.1.1413","PSt7-10","180509-029","9/13/2019 10:47:01 AM","0000-00","0","no battery","V"
"10/22/2019","10:40:12","10","default","328281339","OXY_CH10","16.848","min","128.707","μmol/L","Humid","21.328","deg","132069","µV","38.877","°C","1014.000","hPa","36.0","pmil","0","55.560","deg","20.000","°C","100.000","%a.s.","22.340","deg","20.000","°C","962.000","hPa","0.861","-0.02617","0.00035","0","0","13.56","Humid","31.50","0","54.10","283983.66","SABD0002000014","AAV2.0.0.13","3.0.1.1413","PSt7-10","180509-029","9/13/2019 10:47:01 AM","0000-00","0","no battery","V"
"10/22/2019","10:40:13","10","default","328281339","OXY_CH10","16.864","min","128.707","μmol/L","Humid","21.328","deg","132070","µV","38.877","°C","1014.000","hPa","36.0","pmil","0","55.560","deg","20.000","°C","100.000","%a.s.","22.340","deg","20.000","°C","962.000","hPa","0.861","-0.02617","0.00035","0","0","13.56","Humid","31.50","0","54.10","283973.30","SABD0002000014","AAV2.0.0.13","3.0.1.1413","PSt7-10","180509-029","9/13/2019 10:47:01 AM","0000-00","0","no battery","V"
"10/22/2019","10:40:14","10","default","328281339","OXY_CH10","16.881","min","128.695","μmol/L","Humid","21.329","deg","132061","µV","38.877","°C","1014.000","hPa","36.0","pmil","0","55.560","deg","20.000","°C","100.000","%a.s.","22.340","deg","20.000","°C","962.000","hPa","0.861","-0.02617","0.00035","0","0","13.56","Humid","31.50","0","54.10","283980.42","SABD0002000014","AAV2.0.0.13","3.0.1.1413","PSt7-10","180509-029","9/13/2019 10:47:01 AM","0000-00","0","no battery","V"
"10/22/2019","10:40:15","10","default","328281339","OXY_CH10","16.897","min","128.752","μmol/L","Humid","21.327","deg","132057","µV","38.871","°C","1014.000","hPa","36.0","pmil","0","55.560","deg","20.000","°C","100.000","%a.s.","22.340","deg","20.000","°C","962.000","hPa","0.861","-0.02617","0.00035","0","0","13.56","Humid","31.50","0","54.10","283978.46","SABD0002000014","AAV2.0.0.13","3.0.1.1413","PSt7-10","180509-029","9/13/2019 10:47:01 AM","0000-00","0","no battery","V"
"10/22/2019","10:40:16","10","default","328281339","OXY_CH10","16.914","min","128.740","μmol/L","Humid","21.328","deg","132065","µV","38.871","°C","1014.000","hPa","36.0","pmil","0","55.560","deg","20.000","°C","100.000","%a.s.","22.340","deg","20.000","°C","962.000","hPa","0.861","-0.02617","0.00035","0","0","13.56","Humid","31.50","0","54.10","283967.56","SABD0002000014","AAV2.0.0.13","3.0.1.1413","PSt7-10","180509-029","9/13/2019 10:47:01 AM","0000-00","0","no battery","V"
"10/22/2019","10:40:17","10","default","328281339","OXY_CH10","16.931","min","128.796","μmol/L","Humid","21.329","deg","132063","µV","38.859","°C","1014.000","hPa","36.0","pmil","0","55.560","deg","20.000","°C","100.000","%a.s.","22.340","deg","20.000","°C","962.000","hPa","0.861","-0.02617","0.00035","0","0","13.56","Humid","31.50","0","54.10","283972.39","SABD0002000014","AAV2.0.0.13","3.0.1.1413","PSt7-10","180509-029","9/13/2019 10:47:01 AM","0000-00","0","no battery","V"
"10/22/2019","10:40:18","10","default","328281339","OXY_CH10","16.947","min","128.728","μmol/L","Humid","21.332","deg","132059","µV","38.865","°C","1014.000","hPa","36.0","pmil","0","55.560","deg","20.000","°C","100.000","%a.s.","22.340","deg","20.000","°C","962.000","hPa","0.861","-0.02617","0.00035","0","0","13.56","Humid","31.50","0","54.10","283967.52","SABD0002000014","AAV2.0.0.13","3.0.1.1413","PSt7-10","180509-029","9/13/2019 10:47:01 AM","0000-00","0","no battery","V"
"10/22/2019","10:40:19","10","default","328281339","OXY_CH10","16.964","min","128.752","μmol/L","Humid","21.327","deg","132070","µV","38.871","°C","1014.000","hPa","36.0","pmil","0","55.560","deg","20.000","°C","100.000","%a.s.","22.340","deg","20.000","°C","962.000","hPa","0.861","-0.02617","0.00035","0","0","13.56","Humid","31.50","0","54.10","283968.03","SABD0002000014","AAV2.0.0.13","3.0.1.1413","PSt7-10","180509-029","9/13/2019 10:47:01 AM","0000-00","0","no battery","V"
"10/22/2019","10:40:20","10","default","328281339","OXY_CH10","16.981","min","128.729","μmol/L","Humid","21.329","deg","132062","µV","38.871","°C","1014.000","hPa","36.0","pmil","0","55.560","deg","20.000","°C","100.000","%a.s.","22.340","deg","20.000","°C","962.000","hPa","0.861","-0.02617","0.00035","0","0","13.56","Humid","31.50","0","54.10","283972.33","SABD0002000014","AAV2.0.0.13","3.0.1.1413","PSt7-10","180509-029","9/13/2019 10:47:01 AM","0000-00","0","no battery","V"
"10/22/2019","10:40:21","10","default","328281339","OXY_CH10","16.997","min","128.672","μmol/L","Humid","21.334","deg","132070","µV","38.871","°C","1014.000","hPa","36.0","pmil","0","55.560","deg","20.000","°C","100.000","%a.s.","22.340","deg","20.000","°C","962.000","hPa","0.861","-0.02617","0.00035","0","0","13.56","Humid","31.50","0","54.10","283970.51","SABD0002000014","AAV2.0.0.13","3.0.1.1413","PSt7-10","180509-029","9/13/2019 10:47:01 AM","0000-00","0","no battery","V"
"10/22/2019","10:40:22","10","default","328281339","OXY_CH10","17.014","min","128.718","μmol/L","Humid","21.327","deg","132067","µV","38.877","°C","1014.000","hPa","36.0","pmil","0","55.560","deg","20.000","°C","100.000","%a.s.","22.340","deg","20.000","°C","962.000","hPa","0.861","-0.02617","0.00035","0","0","13.56","Humid","31.50","0","54.10","283970.38","SABD0002000014","AAV2.0.0.13","3.0.1.1413","PSt7-10","180509-029","9/13/2019 10:47:01 AM","0000-00","0","no battery","V"
"10/22/2019","10:40:23","10","default","328281339","OXY_CH10","17.030","min","128.718","μmol/L","Humid","21.330","deg","132057","µV","38.871","°C","1014.000","hPa","36.0","pmil","0","55.560","deg","20.000","°C","100.000","%a.s.","22.340","deg","20.000","°C","962.000","hPa","0.861","-0.02617","0.00035","0","0","13.56","Humid","31.50","0","54.10","283964.57","SABD0002000014","AAV2.0.0.13","3.0.1.1413","PSt7-10","180509-029","9/13/2019 10:47:01 AM","0000-00","0","no battery","V"
"10/22/2019","10:40:24","10","default","328281339","OXY_CH10","17.047","min","128.718","μmol/L","Humid","21.330","deg","132064","µV","38.871","°C","1014.000","hPa","36.0","pmil","0","55.560","deg","20.000","°C","100.000","%a.s.","22.340","deg","20.000","°C","962.000","hPa","0.861","-0.02617","0.00035","0","0","13.56","Humid","31.50","0","54.10","283969.27","SABD0002000014","AAV2.0.0.13","3.0.1.1413","PSt7-10","180509-029","9/13/2019 10:47:01 AM","0000-00","0","no battery","V"
"10/22/2019","10:40:25","10","default","328281339","OXY_CH10","17.064","min","128.695","μmol/L","Humid","21.332","deg","132069","µV","38.871","°C","1014.000","hPa","36.0","pmil","0","55.560","deg","20.000","°C","100.000","%a.s.","22.340","deg","20.000","°C","962.000","hPa","0.861","-0.02617","0.00035","0","0","13.56","Humid","31.50","0","54.10","283980.48","SABD0002000014","AAV2.0.0.13","3.0.1.1413","PSt7-10","180509-029","9/13/2019 10:47:01 AM","0000-00","0","no battery","V"
"10/22/2019","10:40:26","10","default","328281339","OXY_CH10","17.080","min","128.706","μmol/L","Humid","21.331","deg","132070","µV","38.871","°C","1014.000","hPa","36.0","pmil","0","55.560","deg","20.000","°C","100.000","%a.s.","22.340","deg","20.000","°C","962.000","hPa","0.861","-0.02617","0.00035","0","0","13.56","Humid","31.50","0","54.10","283971.98","SABD0002000014","AAV2.0.0.13","3.0.1.1413","PSt7-10","180509-029","9/13/2019 10:47:01 AM","0000-00","0","no battery","V"
"10/22/2019","10:40:27","10","default","328281339","OXY_CH10","17.097","min","128.684","μmol/L","Humid","21.333","deg","132071","µV","38.871","°C","1014.000","hPa","36.0","pmil","0","55.560","deg","20.000","°C","100.000","%a.s.","22.340","deg","20.000","°C","962.000","hPa","0.861","-0.02617","0.00035","0","0","13.56","Humid","31.50","0","54.10","283969.78","SABD0002000014","AAV2.0.0.13","3.0.1.1413","PSt7-10","180509-029","9/13/2019 10:47:01 AM","0000-00","0","no battery","V"
"10/22/2019","10:40:28","10","default","328281339","OXY_CH10","17.114","min","128.729","μmol/L","Humid","21.329","deg","132078","µV","38.871","°C","1014.000","hPa","36.0","pmil","0","55.560","deg","20.000","°C","100.000","%a.s.","22.340","deg","20.000","°C","962.000","hPa","0.861","-0.02617","0.00035","0","0","13.56","Humid","31.50","0","54.10","283968.58","SABD0002000014","AAV2.0.0.13","3.0.1.1413","PSt7-10","180509-029","9/13/2019 10:47:01 AM","0000-00","0","no battery","V"
"10/22/2019","10:40:29","10","default","328281339","OXY_CH10","17.130","min","128.650","μmol/L","Humid","21.333","deg","132066","µV","38.877","°C","1014.000","hPa","36.0","pmil","0","55.560","deg","20.000","°C","100.000","%a.s.","22.340","deg","20.000","°C","962.000","hPa","0.861","-0.02617","0.00035","0","0","13.56","Humid","31.50","0","54.10","283979.00","SABD0002000014","AAV2.0.0.13","3.0.1.1413","PSt7-10","180509-029","9/13/2019 10:47:01 AM","0000-00","0","no battery","V"
"10/22/2019","10:40:30","10","default","328281339","OXY_CH10","17.147","min","128.650","μmol/L","Humid","21.333","deg","132073","µV","38.877","°C","1014.000","hPa","36.0","pmil","0","55.560","deg","20.000","°C","100.000","%a.s.","22.340","deg","20.000","°C","962.000","hPa","0.861","-0.02617","0.00035","0","0","13.56","Humid","31.50","0","54.10","283972.14","SABD0002000014","AAV2.0.0.13","3.0.1.1413","PSt7-10","180509-029","9/13/2019 10:47:01 AM","0000-00","0","no battery","V"
"10/22/2019","10:40:31","10","default","328281339","OXY_CH10","17.164","min","128.661","μmol/L","Humid","21.332","deg","132080","µV","38.877","°C","1014.000","hPa","36.0","pmil","0","55.560","deg","20.000","°C","100.000","%a.s.","22.340","deg","20.000","°C","962.000","hPa","0.861","-0.02617","0.00035","0","0","13.56","Humid","31.50","0","54.10","283976.42","SABD0002000014","AAV2.0.0.13","3.0.1.1413","PSt7-10","180509-029","9/13/2019 10:47:01 AM","0000-00","0","no battery","V"
"10/22/2019","10:40:32","10","default","328281339","OXY_CH10","17.180","min","128.661","μmol/L","Humid","21.332","deg","132078","µV","38.877","°C","1014.000","hPa","36.0","pmil","0","55.560","deg","20.000","°C","100.000","%a.s.","22.340","deg","20.000","°C","962.000","hPa","0.861","-0.02617","0.00035","0","0","13.56","Humid","31.50","0","54.10","283961.90","SABD0002000014","AAV2.0.0.13","3.0.1.1413","PSt7-10","180509-029","9/13/2019 10:47:01 AM","0000-00","0","no battery","V"
"10/22/2019","10:40:33","10","default","328281339","OXY_CH10","17.197","min","128.706","μmol/L","Humid","21.331","deg","132078","µV","38.871","°C","1014.000","hPa","36.0","pmil","0","55.560","deg","20.000","°C","100.000","%a.s.","22.340","deg","20.000","°C","962.000","hPa","0.861","-0.02617","0.00035","0","0","13.56","Humid","31.50","0","54.10","283969.78","SABD0002000014","AAV2.0.0.13","3.0.1.1413","PSt7-10","180509-029","9/13/2019 10:47:01 AM","0000-00","0","no battery","V"
"10/22/2019","10:40:34","10","default","328281339","OXY_CH10","17.213","min","128.729","μmol/L","Humid","21.329","deg","132085","µV","38.871","°C","1014.000","hPa","36.0","pmil","0","55.560","deg","20.000","°C","100.000","%a.s.","22.340","deg","20.000","°C","962.000","hPa","0.861","-0.02617","0.00035","0","0","13.56","Humid","31.50","0","54.10","283955.34","SABD0002000014","AAV2.0.0.13","3.0.1.1413","PSt7-10","180509-029","9/13/2019 10:47:01 AM","0000-00","0","no battery","V"
"10/22/2019","10:40:35","10","default","328281339","OXY_CH10","17.230","min","128.717","μmol/L","Humid","21.333","deg","132080","µV","38.865","°C","1014.000","hPa","36.0","pmil","0","55.560","deg","20.000","°C","100.000","%a.s.","22.340","deg","20.000","°C","962.000","hPa","0.861","-0.02617","0.00035","0","0","13.56","Humid","31.50","0","54.10","283970.79","SABD0002000014","AAV2.0.0.13","3.0.1.1413","PSt7-10","180509-029","9/13/2019 10:47:01 AM","0000-00","0","no battery","V"
"10/22/2019","10:40:36","10","default","328281339","OXY_CH10","17.247","min","128.684","μmol/L","Humid","21.333","deg","132089","µV","38.871","°C","1014.000","hPa","36.0","pmil","0","55.560","deg","20.000","°C","100.000","%a.s.","22.340","deg","20.000","°C","962.000","hPa","0.861","-0.02617","0.00035","0","0","13.56","Humid","31.50","0","54.10","283975.60","SABD0002000014","AAV2.0.0.13","3.0.1.1413","PSt7-10","180509-029","9/13/2019 10:47:01 AM","0000-00","0","no battery","V"
"10/22/2019","10:40:37","10","default","328281339","OXY_CH10","17.263","min","128.639","μmol/L","Humid","21.334","deg","132079","µV","38.877","°C","1014.000","hPa","36.0","pmil","0","55.560","deg","20.000","°C","100.000","%a.s.","22.340","deg","20.000","°C","962.000","hPa","0.861","-0.02617","0.00035","0","0","13.56","Humid","31.50","0","54.10","283964.92","SABD0002000014","AAV2.0.0.13","3.0.1.1413","PSt7-10","180509-029","9/13/2019 10:47:01 AM","0000-00","0","no battery","V"
"10/22/2019","10:40:38","10","default","328281339","OXY_CH10","17.280","min","128.717","μmol/L","Humid","21.333","deg","132083","µV","38.865","°C","1014.000","hPa","36.0","pmil","0","55.560","deg","20.000","°C","100.000","%a.s.","22.340","deg","20.000","°C","962.000","hPa","0.861","-0.02617","0.00035","0","0","13.56","Humid","31.50","0","54.10","283961.89","SABD0002000014","AAV2.0.0.13","3.0.1.1413","PSt7-10","180509-029","9/13/2019 10:47:01 AM","0000-00","0","no battery","V"
"10/22/2019","10:40:39","10","default","328281339","OXY_CH10","17.298","min","128.695","μmol/L","Humid","21.332","deg","132083","µV","38.871","°C","1014.000","hPa","36.0","pmil","0","55.560","deg","20.000","°C","100.000","%a.s.","22.340","deg","20.000","°C","962.000","hPa","0.861","-0.02617","0.00035","0","0","13.56","Humid","31.50","0","54.10","283965.59","SABD0002000014","AAV2.0.0.13","3.0.1.1413","PSt7-10","180509-029","9/13/2019 10:47:01 AM","0000-00","0","no battery","V"
"10/22/2019","10:40:40","10","default","328281339","OXY_CH10","17.314","min","128.638","μmol/L","Humid","21.337","deg","132067","µV","38.871","°C","1014.000","hPa","36.0","pmil","0","55.560","deg","20.000","°C","100.000","%a.s.","22.340","deg","20.000","°C","962.000","hPa","0.861","-0.02617","0.00035","0","0","13.56","Humid","31.50","0","54.10","283954.61","SABD0002000014","AAV2.0.0.13","3.0.1.1413","PSt7-10","180509-029","9/13/2019 10:47:01 AM","0000-00","0","no battery","V"
"10/22/2019","10:40:41","10","default","328281339","OXY_CH10","17.331","min","128.649","μmol/L","Humid","21.336","deg","132076","µV","38.871","°C","1014.000","hPa","36.0","pmil","0","55.560","deg","20.000","°C","100.000","%a.s.","22.340","deg","20.000","°C","962.000","hPa","0.861","-0.02617","0.00035","0","0","13.56","Humid","31.50","0","54.10","283964.36","SABD0002000014","AAV2.0.0.13","3.0.1.1413","PSt7-10","180509-029","9/13/2019 10:47:01 AM","0000-00","0","no battery","V"
"10/22/2019","10:40:42","10","default","328281339","OXY_CH10","17.347","min","128.672","μmol/L","Humid","21.337","deg","132079","µV","38.865","°C","1014.000","hPa","36.0","pmil","0","55.560","deg","20.000","°C","100.000","%a.s.","22.340","deg","20.000","°C","962.000","hPa","0.861","-0.02617","0.00035","0","0","13.56","Humid","31.50","0","54.10","283963.03","SABD0002000014","AAV2.0.0.13","3.0.1.1413","PSt7-10","180509-029","9/13/2019 10:47:01 AM","0000-00","0","no battery","V"
"10/22/2019","10:40:43","10","default","328281339","OXY_CH10","17.364","min","128.672","μmol/L","Humid","21.337","deg","132083","µV","38.865","°C","1014.000","hPa","36.0","pmil","0","55.560","deg","20.000","°C","100.000","%a.s.","22.340","deg","20.000","°C","962.000","hPa","0.861","-0.02617","0.00035","0","0","13.56","Humid","31.50","0","54.10","283965.37","SABD0002000014","AAV2.0.0.13","3.0.1.1413","PSt7-10","180509-029","9/13/2019 10:47:01 AM","0000-00","0","no battery","V"
"10/22/2019","10:40:44","10","default","328281339","OXY_CH10","17.380","min","128.672","μmol/L","Humid","21.334","deg","132085","µV","38.871","°C","1014.000","hPa","36.0","pmil","0","55.560","deg","20.000","°C","100.000","%a.s.","22.340","deg","20.000","°C","962.000","hPa","0.861","-0.02617","0.00035","0","0","13.56","Humid","31.50","0","54.10","283955.59","SABD0002000014","AAV2.0.0.13","3.0.1.1413","PSt7-10","180509-029","9/13/2019 10:47:01 AM","0000-00","0","no battery","V"
"10/22/2019","10:40:45","10","default","328281339","OXY_CH10","17.397","min","128.695","μmol/L","Humid","21.332","deg","132080","µV","38.871","°C","1014.000","hPa","36.0","pmil","0","55.560","deg","20.000","°C","100.000","%a.s.","22.340","deg","20.000","°C","962.000","hPa","0.861","-0.02617","0.00035","0","0","13.56","Humid","31.50","0","54.10","283949.54","SABD0002000014","AAV2.0.0.13","3.0.1.1413","PSt7-10","180509-029","9/13/2019 10:47:01 AM","0000-00","0","no battery","V"
"10/22/2019","10:40:46","10","default","328281339","OXY_CH10","17.413","min","128.683","μmol/L","Humid","21.336","deg","132087","µV","38.865","°C","1014.000","hPa","36.0","pmil","0","55.560","deg","20.000","°C","100.000","%a.s.","22.340","deg","20.000","°C","962.000","hPa","0.861","-0.02617","0.00035","0","0","13.56","Humid","31.50","0","54.10","283947.57","SABD0002000014","AAV2.0.0.13","3.0.1.1413","PSt7-10","180509-029","9/13/2019 10:47:01 AM","0000-00","0","no battery","V"
"10/22/2019","10:40:47","10","default","328281339","OXY_CH10","17.430","min","128.627","μmol/L","Humid","21.338","deg","132077","µV","38.871","°C","1014.000","hPa","36.0","pmil","0","55.560","deg","20.000","°C","100.000","%a.s.","22.340","deg","20.000","°C","962.000","hPa","0.861","-0.02617","0.00035","0","0","13.56","Humid","31.50","0","54.10","283954.68","SABD0002000014","AAV2.0.0.13","3.0.1.1413","PSt7-10","180509-029","9/13/2019 10:47:01 AM","0000-00","0","no battery","V"
"10/22/2019","10:40:48","10","default","328281339","OXY_CH10","17.447","min","128.672","μmol/L","Humid","21.337","deg","132089","µV","38.865","°C","1014.000","hPa","36.0","pmil","0","55.560","deg","20.000","°C","100.000","%a.s.","22.340","deg","20.000","°C","962.000","hPa","0.861","-0.02617","0.00035","0","0","13.56","Humid","31.50","0","54.10","283958.35","SABD0002000014","AAV2.0.0.13","3.0.1.1413","PSt7-10","180509-029","9/13/2019 10:47:01 AM","0000-00","0","no battery","V"
"10/22/2019","10:40:49","10","default","328281339","OXY_CH10","17.463","min","128.661","μmol/L","Humid","21.335","deg","132092","µV","38.871","°C","1014.000","hPa","36.0","pmil","0","55.560","deg","20.000","°C","100.000","%a.s.","22.340","deg","20.000","°C","962.000","hPa","0.861","-0.02617","0.00035","0","0","13.56","Humid","31.50","0","54.10","283964.39","SABD0002000014","AAV2.0.0.13","3.0.1.1413","PSt7-10","180509-029","9/13/2019 10:47:01 AM","0000-00","0","no battery","V"
"10/22/2019","10:40:50","10","default","328281339","OXY_CH10","17.480","min","128.649","μmol/L","Humid","21.336","deg","132103","µV","38.871","°C","1014.000","hPa","36.0","pmil","0","55.560","deg","20.000","°C","100.000","%a.s.","22.340","deg","20.000","°C","962.000","hPa","0.861","-0.02617","0.00035","0","0","13.56","Humid","31.50","0","54.10","283961.89","SABD0002000014","AAV2.0.0.13","3.0.1.1413","PSt7-10","180509-029","9/13/2019 10:47:01 AM","0000-00","0","no battery","V"
"10/22/2019","10:40:51","10","default","328281339","OXY_CH10","17.497","min","128.616","μmol/L","Humid","21.336","deg","132099","µV","38.877","°C","1014.000","hPa","36.0","pmil","0","55.560","deg","20.000","°C","100.000","%a.s.","22.340","deg","20.000","°C","962.000","hPa","0.861","-0.02617","0.00035","0","0","13.56","Humid","31.50","0","54.10","283957.40","SABD0002000014","AAV2.0.0.13","3.0.1.1413","PSt7-10","180509-029","9/13/2019 10:47:01 AM","0000-00","0","no battery","V"
"10/22/2019","10:40:52","10","default","328281339","OXY_CH10","17.514","min","128.627","μmol/L","Humid","21.338","deg","132100","µV","38.871","°C","1014.000","hPa","36.0","pmil","0","55.560","deg","20.000","°C","100.000","%a.s.","22.340","deg","20.000","°C","962.000","hPa","0.861","-0.02617","0.00035","0","0","13.56","Humid","31.50","0","54.10","283964.79","SABD0002000014","AAV2.0.0.13","3.0.1.1413","PSt7-10","180509-029","9/13/2019 10:47:01 AM","0000-00","0","no battery","V"
"10/22/2019","10:40:53","10","default","328281339","OXY_CH10","17.531","min","128.694","μmol/L","Humid","21.335","deg","132093","µV","38.865","°C","1014.000","hPa","36.0","pmil","0","55.560","deg","20.000","°C","100.000","%a.s.","22.340","deg","20.000","°C","962.000","hPa","0.861","-0.02617","0.00035","0","0","13.56","Humid","31.50","0","54.10","283967.04","SABD0002000014","AAV2.0.0.13","3.0.1.1413","PSt7-10","180509-029","9/13/2019 10:47:01 AM","0000-00","0","no battery","V"
"10/22/2019","10:40:54","10","default","328281339","OXY_CH10","17.547","min","128.627","μmol/L","Humid","21.338","deg","132100","µV","38.871","°C","1014.000","hPa","36.0","pmil","0","55.560","deg","20.000","°C","100.000","%a.s.","22.340","deg","20.000","°C","962.000","hPa","0.861","-0.02617","0.00035","0","0","13.56","Humid","31.50","0","54.10","283962.15","SABD0002000014","AAV2.0.0.13","3.0.1.1413","PSt7-10","180509-029","9/13/2019 10:47:01 AM","0000-00","0","no battery","V"
"10/22/2019","10:40:55","10","default","328281339","OXY_CH10","17.564","min","128.615","μmol/L","Humid","21.339","deg","132108","µV","38.871","°C","1014.000","hPa","36.0","pmil","0","55.560","deg","20.000","°C","100.000","%a.s.","22.340","deg","20.000","°C","962.000","hPa","0.861","-0.02617","0.00035","0","0","13.56","Humid","31.50","0","54.10","283954.55","SABD0002000014","AAV2.0.0.13","3.0.1.1413","PSt7-10","180509-029","9/13/2019 10:47:01 AM","0000-00","0","no battery","V"
"10/22/2019","10:40:56","10","default","328281339","OXY_CH10","17.581","min","128.582","μmol/L","Humid","21.339","deg","132094","µV","38.877","°C","1014.000","hPa","36.0","pmil","0","55.560","deg","20.000","°C","100.000","%a.s.","22.340","deg","20.000","°C","962.000","hPa","0.861","-0.02617","0.00035","0","0","13.56","Humid","31.50","0","54.10","283963.65","SABD0002000014","AAV2.0.0.13","3.0.1.1413","PSt7-10","180509-029","9/13/2019 10:47:01 AM","0000-00","0","no battery","V"
"10/22/2019","10:40:57","10","default","328281339","OXY_CH10","17.597","min","128.661","μmol/L","Humid","21.335","deg","132108","µV","38.871","°C","1014.000","hPa","36.0","pmil","0","55.560","deg","20.000","°C","100.000","%a.s.","22.340","deg","20.000","°C","962.000","hPa","0.861","-0.02617","0.00035","0","0","13.56","Humid","31.50","0","54.10","283969.02","SABD0002000014","AAV2.0.0.13","3.0.1.1413","PSt7-10","180509-029","9/13/2019 10:47:01 AM","0000-00","0","no battery","V"
"10/22/2019","10:40:58","10","default","328281339","OXY_CH10","17.614","min","128.627","μmol/L","Humid","21.338","deg","132110","µV","38.871","°C","1014.000","hPa","36.0","pmil","0","55.560","deg","20.000","°C","100.000","%a.s.","22.340","deg","20.000","°C","962.000","hPa","0.861","-0.02617","0.00035","0","0","13.56","Humid","31.50","0","54.10","283964.17","SABD0002000014","AAV2.0.0.13","3.0.1.1413","PSt7-10","180509-029","9/13/2019 10:47:01 AM","0000-00","0","no battery","V"
"10/22/2019","10:40:59","10","default","328281339","OXY_CH10","17.631","min","128.604","μmol/L","Humid","21.340","deg","132103","µV","38.871","°C","1014.000","hPa","36.0","pmil","0","55.560","deg","20.000","°C","100.000","%a.s.","22.340","deg","20.000","°C","962.000","hPa","0.861","-0.02617","0.00035","0","0","13.56","Humid","31.50","0","54.10","283957.12","SABD0002000014","AAV2.0.0.13","3.0.1.1413","PSt7-10","180509-029","9/13/2019 10:47:01 AM","0000-00","0","no battery","V"
"10/22/2019","10:41:00","10","default","328281339","OXY_CH10","17.647","min","128.672","μmol/L","Humid","21.337","deg","132095","µV","38.865","°C","1014.000","hPa","36.0","pmil","0","55.560","deg","20.000","°C","100.000","%a.s.","22.340","deg","20.000","°C","962.000","hPa","0.861","-0.02617","0.00035","0","0","13.56","Humid","31.50","0","54.10","283963.09","SABD0002000014","AAV2.0.0.13","3.0.1.1413","PSt7-10","180509-029","9/13/2019 10:47:01 AM","0000-00","0","no battery","V"
"10/22/2019","10:41:01","10","default","328281339","OXY_CH10","17.664","min","128.649","μmol/L","Humid","21.336","deg","132102","µV","38.871","°C","1014.000","hPa","36.0","pmil","0","55.560","deg","20.000","°C","100.000","%a.s.","22.340","deg","20.000","°C","962.000","hPa","0.861","-0.02617","0.00035","0","0","13.56","Humid","31.50","0","54.10","283959.69","SABD0002000014","AAV2.0.0.13","3.0.1.1413","PSt7-10","180509-029","9/13/2019 10:47:01 AM","0000-00","0","no battery","V"
"10/22/2019","10:41:02","10","default","328281339","OXY_CH10","17.681","min","128.615","μmol/L","Humid","21.339","deg","132105","µV","38.871","°C","1014.000","hPa","36.0","pmil","0","55.560","deg","20.000","°C","100.000","%a.s.","22.340","deg","20.000","°C","962.000","hPa","0.861","-0.02617","0.00035","0","0","13.56","Humid","31.50","0","54.10","283945.19","SABD0002000014","AAV2.0.0.13","3.0.1.1413","PSt7-10","180509-029","9/13/2019 10:47:01 AM","0000-00","0","no battery","V"
"10/22/2019","10:41:03","10","default","328281339","OXY_CH10","17.698","min","128.604","μmol/L","Humid","21.340","deg","132101","µV","38.871","°C","1014.000","hPa","36.0","pmil","0","55.560","deg","20.000","°C","100.000","%a.s.","22.340","deg","20.000","°C","962.000","hPa","0.861","-0.02617","0.00035","0","0","13.56","Humid","31.50","0","54.10","283967.41","SABD0002000014","AAV2.0.0.13","3.0.1.1413","PSt7-10","180509-029","9/13/2019 10:47:01 AM","0000-00","0","no battery","V"
"10/22/2019","10:41:04","10","default","328281339","OXY_CH10","17.714","min","128.571","μmol/L","Humid","21.340","deg","132096","µV","38.877","°C","1014.000","hPa","36.0","pmil","0","55.560","deg","20.000","°C","100.000","%a.s.","22.340","deg","20.000","°C","962.000","hPa","0.861","-0.02617","0.00035","0","0","13.56","Humid","31.50","0","54.10","283966.35","SABD0002000014","AAV2.0.0.13","3.0.1.1413","PSt7-10","180509-029","9/13/2019 10:47:01 AM","0000-00","0","no battery","V"
"10/22/2019","10:41:05","10","default","328281339","OXY_CH10","17.731","min","128.615","μmol/L","Humid","21.339","deg","132107","µV","38.871","°C","1014.000","hPa","36.0","pmil","0","55.560","deg","20.000","°C","100.000","%a.s.","22.340","deg","20.000","°C","962.000","hPa","0.861","-0.02617","0.00035","0","0","13.56","Humid","31.50","0","54.10","283964.73","SABD0002000014","AAV2.0.0.13","3.0.1.1413","PSt7-10","180509-029","9/13/2019 10:47:01 AM","0000-00","0","no battery","V"
"10/22/2019","10:41:06","10","default","328281339","OXY_CH10","17.747","min","128.649","μmol/L","Humid","21.339","deg","132098","µV","38.865","°C","1014.000","hPa","36.0","pmil","0","55.560","deg","20.000","°C","100.000","%a.s.","22.340","deg","20.000","°C","962.000","hPa","0.861","-0.02617","0.00035","0","0","13.56","Humid","31.50","0","54.10","283953.48","SABD0002000014","AAV2.0.0.13","3.0.1.1413","PSt7-10","180509-029","9/13/2019 10:47:01 AM","0000-00","0","no battery","V"
"10/22/2019","10:41:07","10","default","328281339","OXY_CH10","17.764","min","128.627","μmol/L","Humid","21.338","deg","132114","µV","38.871","°C","1014.000","hPa","36.0","pmil","0","55.560","deg","20.000","°C","100.000","%a.s.","22.340","deg","20.000","°C","962.000","hPa","0.861","-0.02617","0.00035","0","0","13.56","Humid","31.50","0","54.10","283955.08","SABD0002000014","AAV2.0.0.13","3.0.1.1413","PSt7-10","180509-029","9/13/2019 10:47:01 AM","0000-00","0","no battery","V"
"10/22/2019","10:41:08","10","default","328281339","OXY_CH10","17.781","min","128.615","μmol/L","Humid","21.339","deg","132113","µV","38.871","°C","1014.000","hPa","36.0","pmil","0","55.560","deg","20.000","°C","100.000","%a.s.","22.340","deg","20.000","°C","962.000","hPa","0.861","-0.02617","0.00035","0","0","13.56","Humid","31.50","0","54.10","283960.76","SABD0002000014","AAV2.0.0.13","3.0.1.1413","PSt7-10","180509-029","9/13/2019 10:47:01 AM","0000-00","0","no battery","V"
"10/22/2019","10:41:09","10","default","328281339","OXY_CH10","17.797","min","128.570","μmol/L","Humid","21.343","deg","132107","µV","38.871","°C","1014.000","hPa","36.0","pmil","0","55.560","deg","20.000","°C","100.000","%a.s.","22.340","deg","20.000","°C","962.000","hPa","0.861","-0.02617","0.00035","0","0","13.56","Humid","31.50","0","54.10","283949.36","SABD0002000014","AAV2.0.0.13","3.0.1.1413","PSt7-10","180509-029","9/13/2019 10:47:01 AM","0000-00","0","no battery","V"
"10/22/2019","10:41:10","10","default","328281339","OXY_CH10","17.814","min","128.649","μmol/L","Humid","21.339","deg","132113","µV","38.865","°C","1014.000","hPa","36.0","pmil","0","55.560","deg","20.000","°C","100.000","%a.s.","22.340","deg","20.000","°C","962.000","hPa","0.861","-0.02617","0.00035","0","0","13.56","Humid","31.50","0","54.10","283967.52","SABD0002000014","AAV2.0.0.13","3.0.1.1413","PSt7-10","180509-029","9/13/2019 10:47:01 AM","0000-00","0","no battery","V"
"10/22/2019","10:41:11","10","default","328281339","OXY_CH10","17.830","min","128.593","μmol/L","Humid","21.338","deg","132118","µV","38.877","°C","1014.000","hPa","36.0","pmil","0","55.560","deg","20.000","°C","100.000","%a.s.","22.340","deg","20.000","°C","962.000","hPa","0.861","-0.02617","0.00035","0","0","13.56","Humid","31.50","0","54.10","283952.99","SABD0002000014","AAV2.0.0.13","3.0.1.1413","PSt7-10","180509-029","9/13/2019 10:47:01 AM","0000-00","0","no battery","V"
"10/22/2019","10:41:12","10","default","328281339","OXY_CH10","17.847","min","128.615","μmol/L","Humid","21.342","deg","132117","µV","38.865","°C","1014.000","hPa","36.0","pmil","0","55.560","deg","20.000","°C","100.000","%a.s.","22.340","deg","20.000","°C","962.000","hPa","0.861","-0.02617","0.00035","0","0","13.56","Humid","31.50","0","54.10","283961.13","SABD0002000014","AAV2.0.0.13","3.0.1.1413","PSt7-10","180509-029","9/13/2019 10:47:01 AM","0000-00","0","no battery","V"
"10/22/2019","10:41:13","10","default","328281339","OXY_CH10","17.864","min","128.581","μmol/L","Humid","21.345","deg","132117","µV","38.865","°C","1014.000","hPa","36.0","pmil","0","55.560","deg","20.000","°C","100.000","%a.s.","22.340","deg","20.000","°C","962.000","hPa","0.861","-0.02617","0.00035","0","0","13.56","Humid","31.50","0","54.10","283957.25","SABD0002000014","AAV2.0.0.13","3.0.1.1413","PSt7-10","180509-029","9/13/2019 10:47:01 AM","0000-00","0","no battery","V"
"10/22/2019","10:41:14","10","default","328281339","OXY_CH10","17.881","min","128.626","μmol/L","Humid","21.341","deg","132109","µV","38.865","°C","1014.000","hPa","36.0","pmil","0","55.560","deg","20.000","°C","100.000","%a.s.","22.340","deg","20.000","°C","962.000","hPa","0.861","-0.02617","0.00035","0","0","13.56","Humid","31.50","0","54.10","283951.65","SABD0002000014","AAV2.0.0.13","3.0.1.1413","PSt7-10","180509-029","9/13/2019 10:47:01 AM","0000-00","0","no battery","V"
"10/22/2019","10:41:15","10","default","328281339","OXY_CH10","17.897","min","128.559","μmol/L","Humid","21.344","deg","132117","µV","38.871","°C","1014.000","hPa","36.0","pmil","0","55.560","deg","20.000","°C","100.000","%a.s.","22.340","deg","20.000","°C","962.000","hPa","0.861","-0.02617","0.00035","0","0","13.56","Humid","31.50","0","54.10","283961.35","SABD0002000014","AAV2.0.0.13","3.0.1.1413","PSt7-10","180509-029","9/13/2019 10:47:01 AM","0000-00","0","no battery","V"
"10/22/2019","10:41:16","10","default","328281339","OXY_CH10","17.913","min","128.548","μmol/L","Humid","21.342","deg","132113","µV","38.877","°C","1014.000","hPa","36.0","pmil","0","55.560","deg","20.000","°C","100.000","%a.s.","22.340","deg","20.000","°C","962.000","hPa","0.861","-0.02617","0.00035","0","0","13.56","Humid","31.50","0","54.10","283965.32","SABD0002000014","AAV2.0.0.13","3.0.1.1413","PSt7-10","180509-029","9/13/2019 10:47:01 AM","0000-00","0","no battery","V"
"10/22/2019","10:41:17","10","default","328281339","OXY_CH10","17.930","min","128.559","μmol/L","Humid","21.341","deg","132118","µV","38.877","°C","1014.000","hPa","36.0","pmil","0","55.560","deg","20.000","°C","100.000","%a.s.","22.340","deg","20.000","°C","962.000","hPa","0.861","-0.02617","0.00035","0","0","13.56","Humid","31.50","0","54.10","283953.85","SABD0002000014","AAV2.0.0.13","3.0.1.1413","PSt7-10","180509-029","9/13/2019 10:47:01 AM","0000-00","0","no battery","V"
"10/22/2019","10:41:18","10","default","328281339","OXY_CH10","17.948","min","128.592","μmol/L","Humid","21.344","deg","132113","µV","38.865","°C","1014.000","hPa","36.0","pmil","0","55.560","deg","20.000","°C","100.000","%a.s.","22.340","deg","20.000","°C","962.000","hPa","0.861","-0.02617","0.00035","0","0","13.56","Humid","31.50","0","54.10","283952.76","SABD0002000014","AAV2.0.0.13","3.0.1.1413","PSt7-10","180509-029","9/13/2019 10:47:01 AM","0000-00","0","no battery","V"
"10/22/2019","10:41:19","10","default","328281339","OXY_CH10","17.964","min","128.571","μmol/L","Humid","21.340","deg","132115","µV","38.877","°C","1014.000","hPa","36.0","pmil","0","55.560","deg","20.000","°C","100.000","%a.s.","22.340","deg","20.000","°C","962.000","hPa","0.861","-0.02617","0.00035","0","0","13.56","Humid","31.50","0","54.10","283949.29","SABD0002000014","AAV2.0.0.13","3.0.1.1413","PSt7-10","180509-029","9/13/2019 10:47:01 AM","0000-00","0","no battery","V"
"10/22/2019","10:41:20","10","default","328281339","OXY_CH10","17.981","min","128.638","μmol/L","Humid","21.340","deg","132117","µV","38.865","°C","1014.000","hPa","36.0","pmil","0","55.560","deg","20.000","°C","100.000","%a.s.","22.340","deg","20.000","°C","962.000","hPa","0.861","-0.02617","0.00035","0","0","13.56","Humid","31.50","0","54.10","283954.23","SABD0002000014","AAV2.0.0.13","3.0.1.1413","PSt7-10","180509-029","9/13/2019 10:47:01 AM","0000-00","0","no battery","V"
"10/22/2019","10:41:21","10","default","328281339","OXY_CH10","17.997","min","128.514","μmol/L","Humid","21.345","deg","132114","µV","38.877","°C","1014.000","hPa","36.0","pmil","0","55.560","deg","20.000","°C","100.000","%a.s.","22.340","deg","20.000","°C","962.000","hPa","0.861","-0.02617","0.00035","0","0","13.56","Humid","31.50","0","54.10","283953.94","SABD0002000014","AAV2.0.0.13","3.0.1.1413","PSt7-10","180509-029","9/13/2019 10:47:01 AM","0000-00","0","no battery","V"
"10/22/2019","10:41:22","10","default","328281339","OXY_CH10","18.014","min","128.581","μmol/L","Humid","21.342","deg","132125","µV","38.871","°C","1014.000","hPa","36.0","pmil","0","55.560","deg","20.000","°C","100.000","%a.s.","22.340","deg","20.000","°C","962.000","hPa","0.861","-0.02617","0.00035","0","0","13.56","Humid","31.50","0","54.10","283944.61","SABD0002000014","AAV2.0.0.13","3.0.1.1413","PSt7-10","180509-029","9/13/2019 10:47:01 AM","0000-00","0","no battery","V"
"10/22/2019","10:41:23","10","default","328281339","OXY_CH10","18.031","min","128.514","μmol/L","Humid","21.345","deg","132124","µV","38.877","°C","1014.000","hPa","36.0","pmil","0","55.560","deg","20.000","°C","100.000","%a.s.","22.340","deg","20.000","°C","962.000","hPa","0.861","-0.02617","0.00035","0","0","13.56","Humid","31.50","0","54.10","283947.14","SABD0002000014","AAV2.0.0.13","3.0.1.1413","PSt7-10","180509-029","9/13/2019 10:47:01 AM","0000-00","0","no battery","V"
"10/22/2019","10:41:24","10","default","328281339","OXY_CH10","18.047","min","128.581","μmol/L","Humid","21.342","deg","132113","µV","38.871","°C","1014.000","hPa","36.0","pmil","0","55.560","deg","20.000","°C","100.000","%a.s.","22.340","deg","20.000","°C","962.000","hPa","0.861","-0.02617","0.00035","0","0","13.56","Humid","31.50","0","54.10","283947.60","SABD0002000014","AAV2.0.0.13","3.0.1.1413","PSt7-10","180509-029","9/13/2019 10:47:01 AM","0000-00","0","no battery","V"
"10/22/2019","10:41:25","10","default","328281339","OXY_CH10","18.064","min","128.604","μmol/L","Humid","21.340","deg","132117","µV","38.871","°C","1014.000","hPa","36.0","pmil","0","55.560","deg","20.000","°C","100.000","%a.s.","22.340","deg","20.000","°C","962.000","hPa","0.861","-0.02617","0.00035","0","0","13.56","Humid","31.50","0","54.10","283955.90","SABD0002000014","AAV2.0.0.13","3.0.1.1413","PSt7-10","180509-029","9/13/2019 10:47:01 AM","0000-00","0","no battery","V"
"10/22/2019","10:41:26","10","default","328281339","OXY_CH10","18.080","min","128.615","μmol/L","Humid","21.342","deg","132122","µV","38.865","°C","1014.000","hPa","36.0","pmil","0","55.560","deg","20.000","°C","100.000","%a.s.","22.340","deg","20.000","°C","962.000","hPa","0.861","-0.02617","0.00035","0","0","13.56","Humid","31.50","0","54.10","283952.78","SABD0002000014","AAV2.0.0.13","3.0.1.1413","PSt7-10","180509-029","9/13/2019 10:47:01 AM","0000-00","0","no battery","V"
"10/22/2019","10:41:27","10","default","328281339","OXY_CH10","18.097","min","128.559","μmol/L","Humid","21.344","deg","132126","µV","38.871","°C","1014.000","hPa","36.0","pmil","0","55.560","deg","20.000","°C","100.000","%a.s.","22.340","deg","20.000","°C","962.000","hPa","0.861","-0.02617","0.00035","0","0","13.56","Humid","31.50","0","54.10","283935.33","SABD0002000014","AAV2.0.0.13","3.0.1.1413","PSt7-10","180509-029","9/13/2019 10:47:01 AM","0000-00","0","no battery","V"
"10/22/2019","10:41:28","10","default","328281339","OXY_CH10","18.114","min","128.581","μmol/L","Humid","21.342","deg","132119","µV","38.871","°C","1014.000","hPa","36.0","pmil","0","55.560","deg","20.000","°C","100.000","%a.s.","22.340","deg","20.000","°C","962.000","hPa","0.861","-0.02617","0.00035","0","0","13.56","Humid","31.50","0","54.10","283945.30","SABD0002000014","AAV2.0.0.13","3.0.1.1413","PSt7-10","180509-029","9/13/2019 10:47:01 AM","0000-00","0","no battery","V"
"10/22/2019","10:41:29","10","default","328281339","OXY_CH10","18.130","min","128.559","μmol/L","Humid","21.344","deg","132118","µV","38.871","°C","1014.000","hPa","36.0","pmil","0","55.560","deg","20.000","°C","100.000","%a.s.","22.340","deg","20.000","°C","962.000","hPa","0.861","-0.02617","0.00035","0","0","13.56","Humid","31.50","0","54.10","283934.00","SABD0002000014","AAV2.0.0.13","3.0.1.1413","PSt7-10","180509-029","9/13/2019 10:47:01 AM","0000-00","0","no battery","V"
"10/22/2019","10:41:30","10","default","328281339","OXY_CH10","18.147","min","128.570","μmol/L","Humid","21.343","deg","132118","µV","38.871","°C","1014.000","hPa","36.0","pmil","0","55.560","deg","20.000","°C","100.000","%a.s.","22.340","deg","20.000","°C","962.000","hPa","0.861","-0.02617","0.00035","0","0","13.56","Humid","31.50","0","54.10","283939.26","SABD0002000014","AAV2.0.0.13","3.0.1.1413","PSt7-10","180509-029","9/13/2019 10:47:01 AM","0000-00","0","no battery","V"
"10/22/2019","10:41:31","10","default","328281339","OXY_CH10","18.164","min","128.559","μmol/L","Humid","21.344","deg","132110","µV","38.871","°C","1014.000","hPa","36.0","pmil","0","55.560","deg","20.000","°C","100.000","%a.s.","22.340","deg","20.000","°C","962.000","hPa","0.861","-0.02617","0.00035","0","0","13.56","Humid","31.50","0","54.10","283949.34","SABD0002000014","AAV2.0.0.13","3.0.1.1413","PSt7-10","180509-029","9/13/2019 10:47:01 AM","0000-00","0","no battery","V"
"10/22/2019","10:41:32","10","default","328281339","OXY_CH10","18.180","min","128.593","μmol/L","Humid","21.341","deg","132132","µV","38.871","°C","1014.000","hPa","36.0","pmil","0","55.560","deg","20.000","°C","100.000","%a.s.","22.340","deg","20.000","°C","962.000","hPa","0.861","-0.02617","0.00035","0","0","13.56","Humid","31.50","0","54.10","283948.41","SABD0002000014","AAV2.0.0.13","3.0.1.1413","PSt7-10","180509-029","9/13/2019 10:47:01 AM","0000-00","0","no battery","V"
"10/22/2019","10:41:33","10","default","328281339","OXY_CH10","18.197","min","128.570","μmol/L","Humid","21.343","deg","132125","µV","38.871","°C","1014.000","hPa","36.0","pmil","0","55.560","deg","20.000","°C","100.000","%a.s.","22.340","deg","20.000","°C","962.000","hPa","0.861","-0.02617","0.00035","0","0","13.56","Humid","31.50","0","54.10","283952.37","SABD0002000014","AAV2.0.0.13","3.0.1.1413","PSt7-10","180509-029","9/13/2019 10:47:01 AM","0000-00","0","no battery","V"
"10/22/2019","10:41:34","10","default","328281339","OXY_CH10","18.215","min","128.592","μmol/L","Humid","21.344","deg","132135","µV","38.865","°C","1014.000","hPa","36.0","pmil","0","55.560","deg","20.000","°C","100.000","%a.s.","22.340","deg","20.000","°C","962.000","hPa","0.861","-0.02617","0.00035","0","0","13.56","Humid","31.50","0","54.10","283952.66","SABD0002000014","AAV2.0.0.13","3.0.1.1413","PSt7-10","180509-029","9/13/2019 10:47:01 AM","0000-00","0","no battery","V"
"10/22/2019","10:41:35","10","default","328281339","OXY_CH10","18.230","min","128.570","μmol/L","Humid","21.346","deg","132124","µV","38.865","°C","1014.000","hPa","36.0","pmil","0","55.560","deg","20.000","°C","100.000","%a.s.","22.340","deg","20.000","°C","962.000","hPa","0.861","-0.02617","0.00035","0","0","13.56","Humid","31.50","0","54.10","283934.91","SABD0002000014","AAV2.0.0.13","3.0.1.1413","PSt7-10","180509-029","9/13/2019 10:47:01 AM","0000-00","0","no battery","V"
"10/22/2019","10:41:36","10","default","328281339","OXY_CH10","18.247","min","128.480","μmol/L","Humid","21.348","deg","132131","µV","38.877","°C","1014.000","hPa","36.0","pmil","0","55.560","deg","20.000","°C","100.000","%a.s.","22.340","deg","20.000","°C","962.000","hPa","0.861","-0.02617","0.00035","0","0","13.56","Humid","31.50","0","54.10","283939.26","SABD0002000014","AAV2.0.0.13","3.0.1.1413","PSt7-10","180509-029","9/13/2019 10:47:01 AM","0000-00","0","no battery","V"
"10/22/2019","10:41:37","10","default","328281339","OXY_CH10","18.264","min","128.525","μmol/L","Humid","21.347","deg","132133","µV","38.871","°C","1014.000","hPa","36.0","pmil","0","55.560","deg","20.000","°C","100.000","%a.s.","22.340","deg","20.000","°C","962.000","hPa","0.861","-0.02617","0.00035","0","0","13.56","Humid","31.50","0","54.10","283942.61","SABD0002000014","AAV2.0.0.13","3.0.1.1413","PSt7-10","180509-029","9/13/2019 10:47:01 AM","0000-00","0","no battery","V"
"10/22/2019","10:41:38","10","default","328281339","OXY_CH10","18.280","min","128.525","μmol/L","Humid","21.344","deg","132133","µV","38.877","°C","1014.000","hPa","36.0","pmil","0","55.560","deg","20.000","°C","100.000","%a.s.","22.340","deg","20.000","°C","962.000","hPa","0.861","-0.02617","0.00035","0","0","13.56","Humid","31.50","0","54.10","283946.47","SABD0002000014","AAV2.0.0.13","3.0.1.1413","PSt7-10","180509-029","9/13/2019 10:47:01 AM","0000-00","0","no battery","V"
"10/22/2019","10:41:39","10","default","328281339","OXY_CH10","18.297","min","128.525","μmol/L","Humid","21.344","deg","132135","µV","38.877","°C","1014.000","hPa","36.0","pmil","0","55.560","deg","20.000","°C","100.000","%a.s.","22.340","deg","20.000","°C","962.000","hPa","0.861","-0.02617","0.00035","0","0","13.56","Humid","31.50","0","54.10","283946.26","SABD0002000014","AAV2.0.0.13","3.0.1.1413","PSt7-10","180509-029","9/13/2019 10:47:01 AM","0000-00","0","no battery","V"
"10/22/2019","10:41:40","10","default","328281339","OXY_CH10","18.314","min","128.559","μmol/L","Humid","21.344","deg","132141","µV","38.871","°C","1014.000","hPa","36.0","pmil","0","55.560","deg","20.000","°C","100.000","%a.s.","22.340","deg","20.000","°C","962.000","hPa","0.861","-0.02617","0.00035","0","0","13.56","Humid","31.50","0","54.10","283944.27","SABD0002000014","AAV2.0.0.13","3.0.1.1413","PSt7-10","180509-029","9/13/2019 10:47:01 AM","0000-00","0","no battery","V"
"10/22/2019","10:41:41","10","default","328281339","OXY_CH10","18.330","min","128.491","μmol/L","Humid","21.347","deg","132138","µV","38.877","°C","1014.000","hPa","36.0","pmil","0","55.560","deg","20.000","°C","100.000","%a.s.","22.340","deg","20.000","°C","962.000","hPa","0.861","-0.02617","0.00035","0","0","13.56","Humid","31.50","0","54.10","283946.01","SABD0002000014","AAV2.0.0.13","3.0.1.1413","PSt7-10","180509-029","9/13/2019 10:47:01 AM","0000-00","0","no battery","V"
"10/22/2019","10:41:42","10","default","328281339","OXY_CH10","18.347","min","128.570","μmol/L","Humid","21.346","deg","132141","µV","38.865","°C","1014.000","hPa","36.0","pmil","0","55.560","deg","20.000","°C","100.000","%a.s.","22.340","deg","20.000","°C","962.000","hPa","0.861","-0.02617","0.00035","0","0","13.56","Humid","31.50","0","54.10","283958.53","SABD0002000014","AAV2.0.0.13","3.0.1.1413","PSt7-10","180509-029","9/13/2019 10:47:01 AM","0000-00","0","no battery","V"
"10/22/2019","10:41:43","10","default","328281339","OXY_CH10","18.364","min","128.536","μmol/L","Humid","21.346","deg","132144","µV","38.871","°C","1014.000","hPa","36.0","pmil","0","55.560","deg","20.000","°C","100.000","%a.s.","22.340","deg","20.000","°C","962.000","hPa","0.861","-0.02617","0.00035","0","0","13.56","Humid","31.50","0","54.10","283948.52","SABD0002000014","AAV2.0.0.13","3.0.1.1413","PSt7-10","180509-029","9/13/2019 10:47:01 AM","0000-00","0","no battery","V"
"10/22/2019","10:41:44","10","default","328281339","OXY_CH10","18.381","min","128.570","μmol/L","Humid","21.346","deg","132147","µV","38.865","°C","1014.000","hPa","36.0","pmil","0","55.560","deg","20.000","°C","100.000","%a.s.","22.340","deg","20.000","°C","962.000","hPa","0.861","-0.02617","0.00035","0","0","13.56","Humid","31.50","0","54.10","283951.23","SABD0002000014","AAV2.0.0.13","3.0.1.1413","PSt7-10","180509-029","9/13/2019 10:47:01 AM","0000-00","0","no battery","V"
"10/22/2019","10:41:45","10","default","328281339","OXY_CH10","18.397","min","128.491","μmol/L","Humid","21.350","deg","132137","µV","38.871","°C","1014.000","hPa","36.0","pmil","0","55.560","deg","20.000","°C","100.000","%a.s.","22.340","deg","20.000","°C","962.000","hPa","0.861","-0.02617","0.00035","0","0","13.56","Humid","31.50","0","54.10","283941.51","SABD0002000014","AAV2.0.0.13","3.0.1.1413","PSt7-10","180509-029","9/13/2019 10:47:01 AM","0000-00","0","no battery","V"
"10/22/2019","10:41:46","10","default","328281339","OXY_CH10","18.414","min","128.503","μmol/L","Humid","21.346","deg","132141","µV","38.877","°C","1014.000","hPa","36.0","pmil","0","55.560","deg","20.000","°C","100.000","%a.s.","22.340","deg","20.000","°C","962.000","hPa","0.861","-0.02617","0.00035","0","0","13.56","Humid","31.50","0","54.10","283947.38","SABD0002000014","AAV2.0.0.13","3.0.1.1413","PSt7-10","180509-029","9/13/2019 10:47:01 AM","0000-00","0","no battery","V"
"10/22/2019","10:41:47","10","default","328281339","OXY_CH10","18.431","min","128.525","μmol/L","Humid","21.347","deg","132144","µV","38.871","°C","1014.000","hPa","36.0","pmil","0","55.560","deg","20.000","°C","100.000","%a.s.","22.340","deg","20.000","°C","962.000","hPa","0.861","-0.02617","0.00035","0","0","13.56","Humid","31.50","0","54.10","283943.62","SABD0002000014","AAV2.0.0.13","3.0.1.1413","PSt7-10","180509-029","9/13/2019 10:47:01 AM","0000-00","0","no battery","V"
"10/22/2019","10:41:48","10","default","328281339","OXY_CH10","18.447","min","128.570","μmol/L","Humid","21.346","deg","132146","µV","38.865","°C","1014.000","hPa","36.0","pmil","0","55.560","deg","20.000","°C","100.000","%a.s.","22.340","deg","20.000","°C","962.000","hPa","0.861","-0.02617","0.00035","0","0","13.56","Humid","31.50","0","54.10","283948.57","SABD0002000014","AAV2.0.0.13","3.0.1.1413","PSt7-10","180509-029","9/13/2019 10:47:01 AM","0000-00","0","no battery","V"
"10/22/2019","10:41:49","10","default","328281339","OXY_CH10","18.464","min","128.469","μmol/L","Humid","21.349","deg","132140","µV","38.877","°C","1014.000","hPa","36.0","pmil","0","55.560","deg","20.000","°C","100.000","%a.s.","22.340","deg","20.000","°C","962.000","hPa","0.861","-0.02617","0.00035","0","0","13.56","Humid","31.50","0","54.10","283948.71","SABD0002000014","AAV2.0.0.13","3.0.1.1413","PSt7-10","180509-029","9/13/2019 10:47:01 AM","0000-00","0","no battery","V"
"10/22/2019","10:41:50","10","default","328281339","OXY_CH10","18.480","min","128.558","μmol/L","Humid","21.347","deg","132144","µV","38.865","°C","1014.000","hPa","36.0","pmil","0","55.560","deg","20.000","°C","100.000","%a.s.","22.340","deg","20.000","°C","962.000","hPa","0.861","-0.02617","0.00035","0","0","13.56","Humid","31.50","0","54.10","283947.01","SABD0002000014","AAV2.0.0.13","3.0.1.1413","PSt7-10","180509-029","9/13/2019 10:47:01 AM","0000-00","0","no battery","V"
"10/22/2019","10:41:51","10","default","328281339","OXY_CH10","18.497","min","128.480","μmol/L","Humid","21.348","deg","132147","µV","38.877","°C","1014.000","hPa","36.0","pmil","0","55.560","deg","20.000","°C","100.000","%a.s.","22.340","deg","20.000","°C","962.000","hPa","0.861","-0.02617","0.00035","0","0","13.56","Humid","31.50","0","54.10","283940.80","SABD0002000014","AAV2.0.0.13","3.0.1.1413","PSt7-10","180509-029","9/13/2019 10:47:01 AM","0000-00","0","no battery","V"
"10/22/2019","10:41:52","10","default","328281339","OXY_CH10","18.514","min","128.547","μmol/L","Humid","21.348","deg","132145","µV","38.865","°C","1014.000","hPa","36.0","pmil","0","55.560","deg","20.000","°C","100.000","%a.s.","22.340","deg","20.000","°C","962.000","hPa","0.861","-0.02617","0.00035","0","0","13.56","Humid","31.50","0","54.10","283938.45","SABD0002000014","AAV2.0.0.13","3.0.1.1413","PSt7-10","180509-029","9/13/2019 10:47:01 AM","0000-00","0","no battery","V"
"10/22/2019","10:41:53","10","default","328281339","OXY_CH10","18.530","min","128.558","μmol/L","Humid","21.347","deg","132142","µV","38.865","°C","1014.000","hPa","36.0","pmil","0","55.560","deg","20.000","°C","100.000","%a.s.","22.340","deg","20.000","°C","962.000","hPa","0.861","-0.02617","0.00035","0","0","13.56","Humid","31.50","0","54.10","283938.50","SABD0002000014","AAV2.0.0.13","3.0.1.1413","PSt7-10","180509-029","9/13/2019 10:47:01 AM","0000-00","0","no battery","V"
"10/22/2019","10:41:54","10","default","328281339","OXY_CH10","18.547","min","128.457","μmol/L","Humid","21.350","deg","132147","µV","38.877","°C","1014.000","hPa","36.0","pmil","0","55.560","deg","20.000","°C","100.000","%a.s.","22.340","deg","20.000","°C","962.000","hPa","0.861","-0.02617","0.00035","0","0","13.56","Humid","31.50","0","54.10","283937.94","SABD0002000014","AAV2.0.0.13","3.0.1.1413","PSt7-10","180509-029","9/13/2019 10:47:01 AM","0000-00","0","no battery","V"
"10/22/2019","10:41:55","10","default","328281339","OXY_CH10","18.564","min","128.480","μmol/L","Humid","21.348","deg","132139","µV","38.877","°C","1014.000","hPa","36.0","pmil","0","55.560","deg","20.000","°C","100.000","%a.s.","22.340","deg","20.000","°C","962.000","hPa","0.861","-0.02617","0.00035","0","0","13.56","Humid","31.50","0","54.10","283939.32","SABD0002000014","AAV2.0.0.13","3.0.1.1413","PSt7-10","180509-029","9/13/2019 10:47:01 AM","0000-00","0","no battery","V"
"10/22/2019","10:41:56","10","default","328281339","OXY_CH10","18.580","min","128.479","μmol/L","Humid","21.351","deg","132150","µV","38.871","°C","1014.000","hPa","36.0","pmil","0","55.560","deg","20.000","°C","100.000","%a.s.","22.340","deg","20.000","°C","962.000","hPa","0.861","-0.02617","0.00035","0","0","13.56","Humid","31.50","0","54.10","283937.39","SABD0002000014","AAV2.0.0.13","3.0.1.1413","PSt7-10","180509-029","9/13/2019 10:47:01 AM","0000-00","0","no battery","V"
"10/22/2019","10:41:57","10","default","328281339","OXY_CH10","18.597","min","128.536","μmol/L","Humid","21.349","deg","132155","µV","38.865","°C","1014.000","hPa","36.0","pmil","0","55.560","deg","20.000","°C","100.000","%a.s.","22.340","deg","20.000","°C","962.000","hPa","0.861","-0.02617","0.00035","0","0","13.56","Humid","31.50","0","54.10","283939.45","SABD0002000014","AAV2.0.0.13","3.0.1.1413","PSt7-10","180509-029","9/13/2019 10:47:01 AM","0000-00","0","no battery","V"
"10/22/2019","10:41:58","10","default","328281339","OXY_CH10","18.614","min","128.491","μmol/L","Humid","21.350","deg","132150","µV","38.871","°C","1014.000","hPa","36.0","pmil","0","55.560","deg","20.000","°C","100.000","%a.s.","22.340","deg","20.000","°C","962.000","hPa","0.861","-0.02617","0.00035","0","0","13.56","Humid","31.50","0","54.10","283940.97","SABD0002000014","AAV2.0.0.13","3.0.1.1413","PSt7-10","180509-029","9/13/2019 10:47:01 AM","0000-00","0","no battery","V"
"10/22/2019","10:41:59","10","default","328281339","OXY_CH10","18.630","min","128.536","μmol/L","Humid","21.349","deg","132158","µV","38.865","°C","1014.000","hPa","36.0","pmil","0","55.560","deg","20.000","°C","100.000","%a.s.","22.340","deg","20.000","°C","962.000","hPa","0.861","-0.02617","0.00035","0","0","13.56","Humid","31.50","0","54.10","283931.47","SABD0002000014","AAV2.0.0.13","3.0.1.1413","PSt7-10","180509-029","9/13/2019 10:47:01 AM","0000-00","0","no battery","V"
"10/22/2019","10:42:00","10","default","328281339","OXY_CH10","18.647","min","128.469","μmol/L","Humid","21.349","deg","132160","µV","38.877","°C","1014.000","hPa","36.0","pmil","0","55.560","deg","20.000","°C","100.000","%a.s.","22.340","deg","20.000","°C","962.000","hPa","0.861","-0.02617","0.00035","0","0","13.56","Humid","31.50","0","54.10","283939.29","SABD0002000014","AAV2.0.0.13","3.0.1.1413","PSt7-10","180509-029","9/13/2019 10:47:01 AM","0000-00","0","no battery","V"
"10/22/2019","10:42:01","10","default","328281339","OXY_CH10","18.664","min","128.502","μmol/L","Humid","21.349","deg","132160","µV","38.871","°C","1014.000","hPa","36.0","pmil","0","55.560","deg","20.000","°C","100.000","%a.s.","22.340","deg","20.000","°C","962.000","hPa","0.861","-0.02617","0.00035","0","0","13.56","Humid","31.50","0","54.10","283935.60","SABD0002000014","AAV2.0.0.13","3.0.1.1413","PSt7-10","180509-029","9/13/2019 10:47:01 AM","0000-00","0","no battery","V"
"10/22/2019","10:42:02","10","default","328281339","OXY_CH10","18.681","min","128.457","μmol/L","Humid","21.350","deg","132152","µV","38.877","°C","1014.000","hPa","36.0","pmil","0","55.560","deg","20.000","°C","100.000","%a.s.","22.340","deg","20.000","°C","962.000","hPa","0.861","-0.02617","0.00035","0","0","13.56","Humid","31.50","0","54.10","283941.33","SABD0002000014","AAV2.0.0.13","3.0.1.1413","PSt7-10","180509-029","9/13/2019 10:47:01 AM","0000-00","0","no battery","V"
"10/22/2019","10:42:03","10","default","328281339","OXY_CH10","18.697","min","128.446","μmol/L","Humid","21.351","deg","132157","µV","38.877","°C","1014.000","hPa","36.0","pmil","0","55.560","deg","20.000","°C","100.000","%a.s.","22.340","deg","20.000","°C","962.000","hPa","0.861","-0.02617","0.00035","0","0","13.56","Humid","31.50","0","54.10","283950.66","SABD0002000014","AAV2.0.0.13","3.0.1.1413","PSt7-10","180509-029","9/13/2019 10:47:01 AM","0000-00","0","no battery","V"
"10/22/2019","10:42:04","10","default","328281339","OXY_CH10","18.714","min","128.457","μmol/L","Humid","21.353","deg","132162","µV","38.871","°C","1014.000","hPa","36.0","pmil","0","55.560","deg","20.000","°C","100.000","%a.s.","22.340","deg","20.000","°C","962.000","hPa","0.861","-0.02617","0.00035","0","0","13.56","Humid","31.50","0","54.10","283931.47","SABD0002000014","AAV2.0.0.13","3.0.1.1413","PSt7-10","180509-029","9/13/2019 10:47:01 AM","0000-00","0","no battery","V"
"10/22/2019","10:42:05","10","default","328281339","OXY_CH10","18.731","min","128.479","μmol/L","Humid","21.351","deg","132156","µV","38.871","°C","1014.000","hPa","36.0","pmil","0","55.560","deg","20.000","°C","100.000","%a.s.","22.340","deg","20.000","°C","962.000","hPa","0.861","-0.02617","0.00035","0","0","13.56","Humid","31.50","0","54.10","283941.84","SABD0002000014","AAV2.0.0.13","3.0.1.1413","PSt7-10","180509-029","9/13/2019 10:47:01 AM","0000-00","0","no battery","V"
"10/22/2019","10:42:06","10","default","328281339","OXY_CH10","18.747","min","128.502","μmol/L","Humid","21.349","deg","132148","µV","38.871","°C","1014.000","hPa","36.0","pmil","0","55.560","deg","20.000","°C","100.000","%a.s.","22.340","deg","20.000","°C","962.000","hPa","0.861","-0.02617","0.00035","0","0","13.56","Humid","31.50","0","54.10","283934.50","SABD0002000014","AAV2.0.0.13","3.0.1.1413","PSt7-10","180509-029","9/13/2019 10:47:01 AM","0000-00","0","no battery","V"
"10/22/2019","10:42:07","10","default","328281339","OXY_CH10","18.764","min","128.435","μmol/L","Humid","21.352","deg","132154","µV","38.877","°C","1014.000","hPa","36.0","pmil","0","55.560","deg","20.000","°C","100.000","%a.s.","22.340","deg","20.000","°C","962.000","hPa","0.861","-0.02617","0.00035","0","0","13.56","Humid","31.50","0","54.10","283930.61","SABD0002000014","AAV2.0.0.13","3.0.1.1413","PSt7-10","180509-029","9/13/2019 10:47:01 AM","0000-00","0","no battery","V"
"10/22/2019","10:42:08","10","default","328281339","OXY_CH10","18.781","min","128.435","μmol/L","Humid","21.352","deg","132170","µV","38.877","°C","1014.000","hPa","36.0","pmil","0","55.560","deg","20.000","°C","100.000","%a.s.","22.340","deg","20.000","°C","962.000","hPa","0.861","-0.02617","0.00035","0","0","13.56","Humid","31.50","0","54.10","283940.28","SABD0002000014","AAV2.0.0.13","3.0.1.1413","PSt7-10","180509-029","9/13/2019 10:47:01 AM","0000-00","0","no battery","V"
"10/22/2019","10:42:09","10","default","328281339","OXY_CH10","18.797","min","128.446","μmol/L","Humid","21.351","deg","132161","µV","38.877","°C","1014.000","hPa","36.0","pmil","0","55.560","deg","20.000","°C","100.000","%a.s.","22.340","deg","20.000","°C","962.000","hPa","0.861","-0.02617","0.00035","0","0","13.56","Humid","31.50","0","54.10","283938.21","SABD0002000014","AAV2.0.0.13","3.0.1.1413","PSt7-10","180509-029","9/13/2019 10:47:01 AM","0000-00","0","no battery","V"
"10/22/2019","10:42:10","10","default","328281339","OXY_CH10","18.814","min","128.468","μmol/L","Humid","21.352","deg","132161","µV","38.871","°C","1014.000","hPa","36.0","pmil","0","55.560","deg","20.000","°C","100.000","%a.s.","22.340","deg","20.000","°C","962.000","hPa","0.861","-0.02617","0.00035","0","0","13.56","Humid","31.50","0","54.10","283933.60","SABD0002000014","AAV2.0.0.13","3.0.1.1413","PSt7-10","180509-029","9/13/2019 10:47:01 AM","0000-00","0","no battery","V"
"10/22/2019","10:42:11","10","default","328281339","OXY_CH10","18.831","min","128.445","μmol/L","Humid","21.354","deg","132167","µV","38.871","°C","1014.000","hPa","36.0","pmil","0","55.560","deg","20.000","°C","100.000","%a.s.","22.340","deg","20.000","°C","962.000","hPa","0.861","-0.02617","0.00035","0","0","13.56","Humid","31.50","0","54.10","283934.21","SABD0002000014","AAV2.0.0.13","3.0.1.1413","PSt7-10","180509-029","9/13/2019 10:47:01 AM","0000-00","0","no battery","V"
"10/22/2019","10:42:12","10","default","328281339","OXY_CH10","18.847","min","128.446","μmol/L","Humid","21.348","deg","132172","µV","38.883","°C","1014.000","hPa","36.0","pmil","0","55.560","deg","20.000","°C","100.000","%a.s.","22.340","deg","20.000","°C","962.000","hPa","0.861","-0.02617","0.00035","0","0","13.56","Humid","31.50","0","54.10","283935.08","SABD0002000014","AAV2.0.0.13","3.0.1.1413","PSt7-10","180509-029","9/13/2019 10:47:01 AM","0000-00","0","no battery","V"
"10/22/2019","10:42:13","10","default","328281339","OXY_CH10","18.864","min","128.469","μmol/L","Humid","21.349","deg","132163","µV","38.877","°C","1014.000","hPa","36.0","pmil","0","55.560","deg","20.000","°C","100.000","%a.s.","22.340","deg","20.000","°C","962.000","hPa","0.861","-0.02617","0.00035","0","0","13.56","Humid","31.50","0","54.10","283922.53","SABD0002000014","AAV2.0.0.13","3.0.1.1413","PSt7-10","180509-029","9/13/2019 10:47:01 AM","0000-00","0","no battery","V"
"10/22/2019","10:42:14","10","default","328281339","OXY_CH10","18.881","min","128.457","μmol/L","Humid","21.350","deg","132161","µV","38.877","°C","1014.000","hPa","36.0","pmil","0","55.560","deg","20.000","°C","100.000","%a.s.","22.340","deg","20.000","°C","962.000","hPa","0.861","-0.02617","0.00035","0","0","13.56","Humid","31.50","0","54.10","283936.26","SABD0002000014","AAV2.0.0.13","3.0.1.1413","PSt7-10","180509-029","9/13/2019 10:47:01 AM","0000-00","0","no battery","V"
"10/22/2019","10:42:15","10","default","328281339","OXY_CH10","18.897","min","128.479","μmol/L","Humid","21.351","deg","132161","µV","38.871","°C","1014.000","hPa","36.0","pmil","0","55.560","deg","20.000","°C","100.000","%a.s.","22.340","deg","20.000","°C","962.000","hPa","0.861","-0.02617","0.00035","0","0","13.56","Humid","31.50","0","54.10","283929.13","SABD0002000014","AAV2.0.0.13","3.0.1.1413","PSt7-10","180509-029","9/13/2019 10:47:01 AM","0000-00","0","no battery","V"
"10/22/2019","10:42:16","10","default","328281339","OXY_CH10","18.914","min","128.423","μmol/L","Humid","21.353","deg","132162","µV","38.877","°C","1014.000","hPa","36.0","pmil","0","55.560","deg","20.000","°C","100.000","%a.s.","22.340","deg","20.000","°C","962.000","hPa","0.861","-0.02617","0.00035","0","0","13.56","Humid","31.50","0","54.10","283929.14","SABD0002000014","AAV2.0.0.13","3.0.1.1413","PSt7-10","180509-029","9/13/2019 10:47:01 AM","0000-00","0","no battery","V"
"10/22/2019","10:42:17","10","default","328281339","OXY_CH10","18.930","min","128.445","μmol/L","Humid","21.354","deg","132168","µV","38.871","°C","1014.000","hPa","36.0","pmil","0","55.560","deg","20.000","°C","100.000","%a.s.","22.340","deg","20.000","°C","962.000","hPa","0.861","-0.02617","0.00035","0","0","13.56","Humid","31.50","0","54.10","283934.85","SABD0002000014","AAV2.0.0.13","3.0.1.1413","PSt7-10","180509-029","9/13/2019 10:47:01 AM","0000-00","0","no battery","V"
"10/22/2019","10:42:18","10","default","328281339","OXY_CH10","18.947","min","128.401","μmol/L","Humid","21.355","deg","132165","µV","38.877","°C","1014.000","hPa","36.0","pmil","0","55.560","deg","20.000","°C","100.000","%a.s.","22.340","deg","20.000","°C","962.000","hPa","0.861","-0.02617","0.00035","0","0","13.56","Humid","31.50","0","54.10","283936.54","SABD0002000014","AAV2.0.0.13","3.0.1.1413","PSt7-10","180509-029","9/13/2019 10:47:01 AM","0000-00","0","no battery","V"
"10/22/2019","10:42:19","10","default","328281339","OXY_CH10","18.964","min","128.468","μmol/L","Humid","21.352","deg","132162","µV","38.871","°C","1014.000","hPa","36.0","pmil","0","55.560","deg","20.000","°C","100.000","%a.s.","22.340","deg","20.000","°C","962.000","hPa","0.861","-0.02617","0.00035","0","0","13.56","Humid","31.50","0","54.10","283934.73","SABD0002000014","AAV2.0.0.13","3.0.1.1413","PSt7-10","180509-029","9/13/2019 10:47:01 AM","0000-00","0","no battery","V"
"10/22/2019","10:42:20","10","default","328281339","OXY_CH10","18.980","min","128.468","μmol/L","Humid","21.352","deg","132169","µV","38.871","°C","1014.000","hPa","36.0","pmil","0","55.560","deg","20.000","°C","100.000","%a.s.","22.340","deg","20.000","°C","962.000","hPa","0.861","-0.02617","0.00035","0","0","13.56","Humid","31.50","0","54.10","283939.19","SABD0002000014","AAV2.0.0.13","3.0.1.1413","PSt7-10","180509-029","9/13/2019 10:47:01 AM","0000-00","0","no battery","V"
"10/22/2019","10:42:21","10","default","328281339","OXY_CH10","18.998","min","128.423","μmol/L","Humid","21.353","deg","132168","µV","38.877","°C","1014.000","hPa","36.0","pmil","0","55.560","deg","20.000","°C","100.000","%a.s.","22.340","deg","20.000","°C","962.000","hPa","0.861","-0.02617","0.00035","0","0","13.56","Humid","31.50","0","54.10","283933.63","SABD0002000014","AAV2.0.0.13","3.0.1.1413","PSt7-10","180509-029","9/13/2019 10:47:01 AM","0000-00","0","no battery","V"
"10/22/2019","10:42:22","10","default","328281339","OXY_CH10","19.014","min","128.479","μmol/L","Humid","21.351","deg","132164","µV","38.871","°C","1014.000","hPa","36.0","pmil","0","55.560","deg","20.000","°C","100.000","%a.s.","22.340","deg","20.000","°C","962.000","hPa","0.861","-0.02617","0.00035","0","0","13.56","Humid","31.50","0","54.10","283928.97","SABD0002000014","AAV2.0.0.13","3.0.1.1413","PSt7-10","180509-029","9/13/2019 10:47:01 AM","0000-00","0","no battery","V"
"10/22/2019","10:42:23","10","default","328281339","OXY_CH10","19.031","min","128.390","μmol/L","Humid","21.353","deg","132164","µV","38.883","°C","1014.000","hPa","36.0","pmil","0","55.560","deg","20.000","°C","100.000","%a.s.","22.340","deg","20.000","°C","962.000","hPa","0.861","-0.02617","0.00035","0","0","13.56","Humid","31.50","0","54.10","283930.35","SABD0002000014","AAV2.0.0.13","3.0.1.1413","PSt7-10","180509-029","9/13/2019 10:47:01 AM","0000-00","0","no battery","V"
"10/22/2019","10:42:24","10","default","328281339","OXY_CH10","19.048","min","128.435","μmol/L","Humid","21.352","deg","132170","µV","38.877","°C","1014.000","hPa","36.0","pmil","0","55.560","deg","20.000","°C","100.000","%a.s.","22.340","deg","20.000","°C","962.000","hPa","0.861","-0.02617","0.00035","0","0","13.56","Humid","31.50","0","54.10","283932.10","SABD0002000014","AAV2.0.0.13","3.0.1.1413","PSt7-10","180509-029","9/13/2019 10:47:01 AM","0000-00","0","no battery","V"
"10/22/2019","10:42:25","10","default","328281339","OXY_CH10","19.064","min","128.401","μmol/L","Humid","21.355","deg","132165","µV","38.877","°C","1014.000","hPa","36.0","pmil","0","55.560","deg","20.000","°C","100.000","%a.s.","22.340","deg","20.000","°C","962.000","hPa","0.861","-0.02617","0.00035","0","0","13.56","Humid","31.50","0","54.10","283929.71","SABD0002000014","AAV2.0.0.13","3.0.1.1413","PSt7-10","180509-029","9/13/2019 10:47:01 AM","0000-00","0","no battery","V"
"10/22/2019","10:42:26","10","default","328281339","OXY_CH10","19.080","min","128.401","μmol/L","Humid","21.355","deg","132172","µV","38.877","°C","1014.000","hPa","36.0","pmil","0","55.560","deg","20.000","°C","100.000","%a.s.","22.340","deg","20.000","°C","962.000","hPa","0.861","-0.02617","0.00035","0","0","13.56","Humid","31.50","0","54.10","283933.43","SABD0002000014","AAV2.0.0.13","3.0.1.1413","PSt7-10","180509-029","9/13/2019 10:47:01 AM","0000-00","0","no battery","V"
"10/22/2019","10:42:27","10","default","328281339","OXY_CH10","19.097","min","128.367","μmol/L","Humid","21.355","deg","132180","µV","38.883","°C","1014.000","hPa","36.0","pmil","0","55.560","deg","20.000","°C","100.000","%a.s.","22.340","deg","20.000","°C","962.000","hPa","0.861","-0.02617","0.00035","0","0","13.56","Humid","31.50","0","54.10","283939.91","SABD0002000014","AAV2.0.0.13","3.0.1.1413","PSt7-10","180509-029","9/13/2019 10:47:01 AM","0000-00","0","no battery","V"
"10/22/2019","10:42:28","10","default","328281339","OXY_CH10","19.114","min","128.412","μmol/L","Humid","21.354","deg","132164","µV","38.877","°C","1014.000","hPa","36.0","pmil","0","55.560","deg","20.000","°C","100.000","%a.s.","22.340","deg","20.000","°C","962.000","hPa","0.861","-0.02617","0.00035","0","0","13.56","Humid","31.50","0","54.10","283922.41","SABD0002000014","AAV2.0.0.13","3.0.1.1413","PSt7-10","180509-029","9/13/2019 10:47:01 AM","0000-00","0","no battery","V"
"10/22/2019","10:42:29","10","default","328281339","OXY_CH10","19.131","min","128.389","μmol/L","Humid","21.356","deg","132172","µV","38.877","°C","1014.000","hPa","36.0","pmil","0","55.560","deg","20.000","°C","100.000","%a.s.","22.340","deg","20.000","°C","962.000","hPa","0.861","-0.02617","0.00035","0","0","13.56","Humid","31.50","0","54.10","283928.79","SABD0002000014","AAV2.0.0.13","3.0.1.1413","PSt7-10","180509-029","9/13/2019 10:47:01 AM","0000-00","0","no battery","V"
"10/22/2019","10:42:30","10","default","328281339","OXY_CH10","19.147","min","128.401","μmol/L","Humid","21.355","deg","132167","µV","38.877","°C","1014.000","hPa","36.0","pmil","0","55.560","deg","20.000","°C","100.000","%a.s.","22.340","deg","20.000","°C","962.000","hPa","0.861","-0.02617","0.00035","0","0","13.56","Humid","31.50","0","54.10","283927.42","SABD0002000014","AAV2.0.0.13","3.0.1.1413","PSt7-10","180509-029","9/13/2019 10:47:01 AM","0000-00","0","no battery","V"
"10/22/2019","10:42:31","10","default","328281339","OXY_CH10","19.164","min","128.390","μmol/L","Humid","21.353","deg","132178","µV","38.883","°C","1014.000","hPa","36.0","pmil","0","55.560","deg","20.000","°C","100.000","%a.s.","22.340","deg","20.000","°C","962.000","hPa","0.861","-0.02617","0.00035","0","0","13.56","Humid","31.50","0","54.10","283914.63","SABD0002000014","AAV2.0.0.13","3.0.1.1413","PSt7-10","180509-029","9/13/2019 10:47:01 AM","0000-00","0","no battery","V"
"10/22/2019","10:42:32","10","default","328281339","OXY_CH10","19.181","min","128.367","μmol/L","Humid","21.358","deg","132161","µV","38.877","°C","1014.000","hPa","36.0","pmil","0","55.560","deg","20.000","°C","100.000","%a.s.","22.340","deg","20.000","°C","962.000","hPa","0.861","-0.02617","0.00035","0","0","13.56","Humid","31.50","0","54.10","283939.32","SABD0002000014","AAV2.0.0.13","3.0.1.1413","PSt7-10","180509-029","9/13/2019 10:47:01 AM","0000-00","0","no battery","V"
"10/22/2019","10:42:33","10","default","328281339","OXY_CH10","19.197","min","128.367","μmol/L","Humid","21.355","deg","132171","µV","38.883","°C","1014.000","hPa","36.0","pmil","0","55.560","deg","20.000","°C","100.000","%a.s.","22.340","deg","20.000","°C","962.000","hPa","0.861","-0.02617","0.00035","0","0","13.56","Humid","31.50","0","54.10","283932.86","SABD0002000014","AAV2.0.0.13","3.0.1.1413","PSt7-10","180509-029","9/13/2019 10:47:01 AM","0000-00","0","no battery","V"
"10/22/2019","10:42:34","10","default","328281339","OXY_CH10","19.214","min","128.412","μmol/L","Humid","21.354","deg","132169","µV","38.877","°C","1014.000","hPa","36.0","pmil","0","55.560","deg","20.000","°C","100.000","%a.s.","22.340","deg","20.000","°C","962.000","hPa","0.861","-0.02617","0.00035","0","0","13.56","Humid","31.50","0","54.10","283932.69","SABD0002000014","AAV2.0.0.13","3.0.1.1413","PSt7-10","180509-029","9/13/2019 10:47:01 AM","0000-00","0","no battery","V"
"10/22/2019","10:42:35","10","default","328281339","OXY_CH10","19.231","min","128.401","μmol/L","Humid","21.355","deg","132175","µV","38.877","°C","1014.000","hPa","36.0","pmil","0","55.560","deg","20.000","°C","100.000","%a.s.","22.340","deg","20.000","°C","962.000","hPa","0.861","-0.02617","0.00035","0","0","13.56","Humid","31.50","0","54.10","283927.85","SABD0002000014","AAV2.0.0.13","3.0.1.1413","PSt7-10","180509-029","9/13/2019 10:47:01 AM","0000-00","0","no battery","V"
"10/22/2019","10:42:36","10","default","328281339","OXY_CH10","19.247","min","128.367","μmol/L","Humid","21.358","deg","132178","µV","38.877","°C","1014.000","hPa","36.0","pmil","0","55.560","deg","20.000","°C","100.000","%a.s.","22.340","deg","20.000","°C","962.000","hPa","0.861","-0.02617","0.00035","0","0","13.56","Humid","31.50","0","54.10","283920.37","SABD0002000014","AAV2.0.0.13","3.0.1.1413","PSt7-10","180509-029","9/13/2019 10:47:01 AM","0000-00","0","no battery","V"
"10/22/2019","10:42:37","10","default","328281339","OXY_CH10","19.264","min","128.367","μmol/L","Humid","21.358","deg","132180","µV","38.877","°C","1014.000","hPa","36.0","pmil","0","55.560","deg","20.000","°C","100.000","%a.s.","22.340","deg","20.000","°C","962.000","hPa","0.861","-0.02617","0.00035","0","0","13.56","Humid","31.50","0","54.10","283934.51","SABD0002000014","AAV2.0.0.13","3.0.1.1413","PSt7-10","180509-029","9/13/2019 10:47:01 AM","0000-00","0","no battery","V"
"10/22/2019","10:42:38","10","default","328281339","OXY_CH10","19.280","min","128.389","μmol/L","Humid","21.356","deg","132181","µV","38.877","°C","1014.000","hPa","36.0","pmil","0","55.560","deg","20.000","°C","100.000","%a.s.","22.340","deg","20.000","°C","962.000","hPa","0.861","-0.02617","0.00035","0","0","13.56","Humid","31.50","0","54.10","283941.60","SABD0002000014","AAV2.0.0.13","3.0.1.1413","PSt7-10","180509-029","9/13/2019 10:47:01 AM","0000-00","0","no battery","V"
"10/22/2019","10:42:39","10","default","328281339","OXY_CH10","19.297","min","128.333","μmol/L","Humid","21.358","deg","132183","µV","38.883","°C","1014.000","hPa","36.0","pmil","0","55.560","deg","20.000","°C","100.000","%a.s.","22.340","deg","20.000","°C","962.000","hPa","0.861","-0.02617","0.00035","0","0","13.56","Humid","31.50","0","54.10","283930.24","SABD0002000014","AAV2.0.0.13","3.0.1.1413","PSt7-10","180509-029","9/13/2019 10:47:01 AM","0000-00","0","no battery","V"
"10/22/2019","10:42:40","10","default","328281339","OXY_CH10","19.313","min","128.401","μmol/L","Humid","21.355","deg","132179","µV","38.877","°C","1014.000","hPa","36.0","pmil","0","55.560","deg","20.000","°C","100.000","%a.s.","22.340","deg","20.000","°C","962.000","hPa","0.861","-0.02617","0.00035","0","0","13.56","Humid","31.50","0","54.10","283932.49","SABD0002000014","AAV2.0.0.13","3.0.1.1413","PSt7-10","180509-029","9/13/2019 10:47:01 AM","0000-00","0","no battery","V"
"10/22/2019","10:42:41","10","default","328281339","OXY_CH10","19.331","min","128.412","μmol/L","Humid","21.354","deg","132181","µV","38.877","°C","1014.000","hPa","36.0","pmil","0","55.560","deg","20.000","°C","100.000","%a.s.","22.340","deg","20.000","°C","962.000","hPa","0.861","-0.02617","0.00035","0","0","13.56","Humid","31.50","0","54.10","283928.03","SABD0002000014","AAV2.0.0.13","3.0.1.1413","PSt7-10","180509-029","9/13/2019 10:47:01 AM","0000-00","0","no battery","V"
"10/22/2019","10:42:42","10","default","328281339","OXY_CH10","19.347","min","128.389","μmol/L","Humid","21.356","deg","132178","µV","38.877","°C","1014.000","hPa","36.0","pmil","0","55.560","deg","20.000","°C","100.000","%a.s.","22.340","deg","20.000","°C","962.000","hPa","0.861","-0.02617","0.00035","0","0","13.56","Humid","31.50","0","54.10","283923.23","SABD0002000014","AAV2.0.0.13","3.0.1.1413","PSt7-10","180509-029","9/13/2019 10:47:01 AM","0000-00","0","no battery","V"
"10/22/2019","10:42:43","10","default","328281339","OXY_CH10","19.364","min","128.367","μmol/L","Humid","21.358","deg","132175","µV","38.877","°C","1014.000","hPa","36.0","pmil","0","55.560","deg","20.000","°C","100.000","%a.s.","22.340","deg","20.000","°C","962.000","hPa","0.861","-0.02617","0.00035","0","0","13.56","Humid","31.50","0","54.10","283923.70","SABD0002000014","AAV2.0.0.13","3.0.1.1413","PSt7-10","180509-029","9/13/2019 10:47:01 AM","0000-00","0","no battery","V"
"10/22/2019","10:42:44","10","default","328281339","OXY_CH10","19.381","min","128.389","μmol/L","Humid","21.356","deg","132188","µV","38.877","°C","1014.000","hPa","36.0","pmil","0","55.560","deg","20.000","°C","100.000","%a.s.","22.340","deg","20.000","°C","962.000","hPa","0.861","-0.02617","0.00035","0","0","13.56","Humid","31.50","0","54.10","283936.02","SABD0002000014","AAV2.0.0.13","3.0.1.1413","PSt7-10","180509-029","9/13/2019 10:47:01 AM","0000-00","0","no battery","V"
"10/22/2019","10:42:45","10","default","328281339","OXY_CH10","19.397","min","128.322","μmol/L","Humid","21.359","deg","132182","µV","38.883","°C","1014.000","hPa","36.0","pmil","0","55.560","deg","20.000","°C","100.000","%a.s.","22.340","deg","20.000","°C","962.000","hPa","0.861","-0.02617","0.00035","0","0","13.56","Humid","31.50","0","54.10","283935.47","SABD0002000014","AAV2.0.0.13","3.0.1.1413","PSt7-10","180509-029","9/13/2019 10:47:01 AM","0000-00","0","no battery","V"
"10/22/2019","10:42:46","10","default","328281339","OXY_CH10","19.413","min","128.367","μmol/L","Humid","21.358","deg","132183","µV","38.877","°C","1014.000","hPa","36.0","pmil","0","55.560","deg","20.000","°C","100.000","%a.s.","22.340","deg","20.000","°C","962.000","hPa","0.861","-0.02617","0.00035","0","0","13.56","Humid","31.50","0","54.10","283919.84","SABD0002000014","AAV2.0.0.13","3.0.1.1413","PSt7-10","180509-029","9/13/2019 10:47:01 AM","0000-00","0","no battery","V"
"10/22/2019","10:42:47","10","default","328281339","OXY_CH10","19.431","min","128.367","μmol/L","Humid","21.358","deg","132185","µV","38.877","°C","1014.000","hPa","36.0","pmil","0","55.560","deg","20.000","°C","100.000","%a.s.","22.340","deg","20.000","°C","962.000","hPa","0.861","-0.02617","0.00035","0","0","13.56","Humid","31.50","0","54.10","283924.90","SABD0002000014","AAV2.0.0.13","3.0.1.1413","PSt7-10","180509-029","9/13/2019 10:47:01 AM","0000-00","0","no battery","V"
"10/22/2019","10:42:48","10","default","328281339","OXY_CH10","19.448","min","128.400","μmol/L","Humid","21.358","deg","132186","µV","38.871","°C","1014.000","hPa","36.0","pmil","0","55.560","deg","20.000","°C","100.000","%a.s.","22.340","deg","20.000","°C","962.000","hPa","0.861","-0.02617","0.00035","0","0","13.56","Humid","31.50","0","54.10","283928.94","SABD0002000014","AAV2.0.0.13","3.0.1.1413","PSt7-10","180509-029","9/13/2019 10:47:01 AM","0000-00","0","no battery","V"
"10/22/2019","10:42:49","10","default","328281339","OXY_CH10","19.464","min","128.322","μmol/L","Humid","21.359","deg","132192","µV","38.883","°C","1014.000","hPa","36.0","pmil","0","55.560","deg","20.000","°C","100.000","%a.s.","22.340","deg","20.000","°C","962.000","hPa","0.861","-0.02617","0.00035","0","0","13.56","Humid","31.50","0","54.10","283919.59","SABD0002000014","AAV2.0.0.13","3.0.1.1413","PSt7-10","180509-029","9/13/2019 10:47:01 AM","0000-00","0","no battery","V"
"10/22/2019","10:42:50","10","default","328281339","OXY_CH10","19.481","min","128.288","μmol/L","Humid","21.362","deg","132195","µV","38.883","°C","1014.000","hPa","36.0","pmil","0","55.560","deg","20.000","°C","100.000","%a.s.","22.340","deg","20.000","°C","962.000","hPa","0.861","-0.02617","0.00035","0","0","13.56","Humid","31.50","0","54.10","283928.96","SABD0002000014","AAV2.0.0.13","3.0.1.1413","PSt7-10","180509-029","9/13/2019 10:47:01 AM","0000-00","0","no battery","V"
"10/22/2019","10:42:51","10","default","328281339","OXY_CH10","19.497","min","128.389","μmol/L","Humid","21.356","deg","132195","µV","38.877","°C","1014.000","hPa","36.0","pmil","0","55.560","deg","20.000","°C","100.000","%a.s.","22.340","deg","20.000","°C","962.000","hPa","0.861","-0.02617","0.00035","0","0","13.56","Humid","31.50","0","54.10","283917.89","SABD0002000014","AAV2.0.0.13","3.0.1.1413","PSt7-10","180509-029","9/13/2019 10:47:01 AM","0000-00","0","no battery","V"
"10/22/2019","10:42:52","10","default","328281339","OXY_CH10","19.514","min","128.299","μmol/L","Humid","21.361","deg","132192","µV","38.883","°C","1014.000","hPa","36.0","pmil","0","55.560","deg","20.000","°C","100.000","%a.s.","22.340","deg","20.000","°C","962.000","hPa","0.861","-0.02617","0.00035","0","0","13.56","Humid","31.50","0","54.10","283927.16","SABD0002000014","AAV2.0.0.13","3.0.1.1413","PSt7-10","180509-029","9/13/2019 10:47:01 AM","0000-00","0","no battery","V"
"10/22/2019","10:42:53","10","default","328281339","OXY_CH10","19.531","min","128.378","μmol/L","Humid","21.357","deg","132201","µV","38.877","°C","1014.000","hPa","36.0","pmil","0","55.560","deg","20.000","°C","100.000","%a.s.","22.340","deg","20.000","°C","962.000","hPa","0.861","-0.02617","0.00035","0","0","13.56","Humid","31.50","0","54.10","283920.16","SABD0002000014","AAV2.0.0.13","3.0.1.1413","PSt7-10","180509-029","9/13/2019 10:47:01 AM","0000-00","0","no battery","V"
"10/22/2019","10:42:54","10","default","328281339","OXY_CH10","19.547","min","128.344","μmol/L","Humid","21.360","deg","132196","µV","38.877","°C","1014.000","hPa","36.0","pmil","0","55.560","deg","20.000","°C","100.000","%a.s.","22.340","deg","20.000","°C","962.000","hPa","0.861","-0.02617","0.00035","0","0","13.56","Humid","31.50","0","54.10","283929.11","SABD0002000014","AAV2.0.0.13","3.0.1.1413","PSt7-10","180509-029","9/13/2019 10:47:01 AM","0000-00","0","no battery","V"
"10/22/2019","10:42:55","10","default","328281339","OXY_CH10","19.564","min","128.299","μmol/L","Humid","21.361","deg","132199","µV","38.883","°C","1014.000","hPa","36.0","pmil","0","55.560","deg","20.000","°C","100.000","%a.s.","22.340","deg","20.000","°C","962.000","hPa","0.861","-0.02617","0.00035","0","0","13.56","Humid","31.50","0","54.10","283930.86","SABD0002000014","AAV2.0.0.13","3.0.1.1413","PSt7-10","180509-029","9/13/2019 10:47:01 AM","0000-00","0","no battery","V"
"10/22/2019","10:42:56","10","default","328281339","OXY_CH10","19.580","min","128.344","μmol/L","Humid","21.360","deg","132209","µV","38.877","°C","1014.000","hPa","36.0","pmil","0","55.560","deg","20.000","°C","100.000","%a.s.","22.340","deg","20.000","°C","962.000","hPa","0.861","-0.02617","0.00035","0","0","13.56","Humid","31.50","0","54.10","283926.01","SABD0002000014","AAV2.0.0.13","3.0.1.1413","PSt7-10","180509-029","9/13/2019 10:47:01 AM","0000-00","0","no battery","V"
"10/22/2019","10:42:57","10","default","328281339","OXY_CH10","19.597","min","128.310","μmol/L","Humid","21.363","deg","132211","µV","38.877","°C","1014.000","hPa","36.0","pmil","0","55.560","deg","20.000","°C","100.000","%a.s.","22.340","deg","20.000","°C","962.000","hPa","0.861","-0.02617","0.00035","0","0","13.56","Humid","31.50","0","54.10","283917.27","SABD0002000014","AAV2.0.0.13","3.0.1.1413","PSt7-10","180509-029","9/13/2019 10:47:01 AM","0000-00","0","no battery","V"
"10/22/2019","10:42:58","10","default","328281339","OXY_CH10","19.614","min","128.367","μmol/L","Humid","21.358","deg","132207","µV","38.877","°C","1014.000","hPa","36.0","pmil","0","55.560","deg","20.000","°C","100.000","%a.s.","22.340","deg","20.000","°C","962.000","hPa","0.861","-0.02617","0.00035","0","0","13.56","Humid","31.50","0","54.10","283926.38","SABD0002000014","AAV2.0.0.13","3.0.1.1413","PSt7-10","180509-029","9/13/2019 10:47:01 AM","0000-00","0","no battery","V"
"10/22/2019","10:42:59","10","default","328281339","OXY_CH10","19.630","min","128.288","μmol/L","Humid","21.362","deg","132206","µV","38.883","°C","1014.000","hPa","36.0","pmil","0","55.560","deg","20.000","°C","100.000","%a.s.","22.340","deg","20.000","°C","962.000","hPa","0.861","-0.02617","0.00035","0","0","13.56","Humid","31.50","0","54.10","283920.14","SABD0002000014","AAV2.0.0.13","3.0.1.1413","PSt7-10","180509-029","9/13/2019 10:47:01 AM","0000-00","0","no battery","V"
"10/22/2019","10:43:00","10","default","328281339","OXY_CH10","19.647","min","128.310","μmol/L","Humid","21.363","deg","132208","µV","38.877","°C","1014.000","hPa","36.0","pmil","0","55.560","deg","20.000","°C","100.000","%a.s.","22.340","deg","20.000","°C","962.000","hPa","0.861","-0.02617","0.00035","0","0","13.56","Humid","31.50","0","54.10","283927.85","SABD0002000014","AAV2.0.0.13","3.0.1.1413","PSt7-10","180509-029","9/13/2019 10:47:01 AM","0000-00","0","no battery","V"
"10/22/2019","10:43:01","10","default","328281339","OXY_CH10","19.664","min","128.321","μmol/L","Humid","21.362","deg","132210","µV","38.877","°C","1014.000","hPa","36.0","pmil","0","55.560","deg","20.000","°C","100.000","%a.s.","22.340","deg","20.000","°C","962.000","hPa","0.861","-0.02617","0.00035","0","0","13.56","Humid","31.50","0","54.10","283926.11","SABD0002000014","AAV2.0.0.13","3.0.1.1413","PSt7-10","180509-029","9/13/2019 10:47:01 AM","0000-00","0","no battery","V"
"10/22/2019","10:43:02","10","default","328281339","OXY_CH10","19.680","min","128.333","μmol/L","Humid","21.361","deg","132210","µV","38.877","°C","1014.000","hPa","36.0","pmil","0","55.560","deg","20.000","°C","100.000","%a.s.","22.340","deg","20.000","°C","962.000","hPa","0.861","-0.02617","0.00035","0","0","13.56","Humid","31.50","0","54.10","283932.92","SABD0002000014","AAV2.0.0.13","3.0.1.1413","PSt7-10","180509-029","9/13/2019 10:47:01 AM","0000-00","0","no battery","V"
"10/22/2019","10:43:03","10","default","328281339","OXY_CH10","19.698","min","128.310","μmol/L","Humid","21.363","deg","132209","µV","38.877","°C","1014.000","hPa","36.0","pmil","0","55.560","deg","20.000","°C","100.000","%a.s.","22.340","deg","20.000","°C","962.000","hPa","0.861","-0.02617","0.00035","0","0","13.56","Humid","31.50","0","54.10","283931.04","SABD0002000014","AAV2.0.0.13","3.0.1.1413","PSt7-10","180509-029","9/13/2019 10:47:01 AM","0000-00","0","no battery","V"
"10/22/2019","10:43:04","10","default","328281339","OXY_CH10","19.714","min","128.310","μmol/L","Humid","21.363","deg","132219","µV","38.877","°C","1014.000","hPa","36.0","pmil","0","55.560","deg","20.000","°C","100.000","%a.s.","22.340","deg","20.000","°C","962.000","hPa","0.861","-0.02617","0.00035","0","0","13.56","Humid","31.50","0","54.10","283935.53","SABD0002000014","AAV2.0.0.13","3.0.1.1413","PSt7-10","180509-029","9/13/2019 10:47:01 AM","0000-00","0","no battery","V"
"10/22/2019","10:43:05","10","default","328281339","OXY_CH10","19.731","min","128.333","μmol/L","Humid","21.361","deg","132207","µV","38.877","°C","1014.000","hPa","36.0","pmil","0","55.560","deg","20.000","°C","100.000","%a.s.","22.340","deg","20.000","°C","962.000","hPa","0.861","-0.02617","0.00035","0","0","13.56","Humid","31.50","0","54.10","283925.86","SABD0002000014","AAV2.0.0.13","3.0.1.1413","PSt7-10","180509-029","9/13/2019 10:47:01 AM","0000-00","0","no battery","V"
"10/22/2019","10:43:06","10","default","328281339","OXY_CH10","19.747","min","128.299","μmol/L","Humid","21.364","deg","132214","µV","38.877","°C","1014.000","hPa","36.0","pmil","0","55.560","deg","20.000","°C","100.000","%a.s.","22.340","deg","20.000","°C","962.000","hPa","0.861","-0.02617","0.00035","0","0","13.56","Humid","31.50","0","54.10","283927.62","SABD0002000014","AAV2.0.0.13","3.0.1.1413","PSt7-10","180509-029","9/13/2019 10:47:01 AM","0000-00","0","no battery","V"
"10/22/2019","10:43:07","10","default","328281339","OXY_CH10","19.764","min","128.288","μmol/L","Humid","21.362","deg","132211","µV","38.883","°C","1014.000","hPa","36.0","pmil","0","55.560","deg","20.000","°C","100.000","%a.s.","22.340","deg","20.000","°C","962.000","hPa","0.861","-0.02617","0.00035","0","0","13.56","Humid","31.50","0","54.10","283925.33","SABD0002000014","AAV2.0.0.13","3.0.1.1413","PSt7-10","180509-029","9/13/2019 10:47:01 AM","0000-00","0","no battery","V"
"10/22/2019","10:43:08","10","default","328281339","OXY_CH10","19.781","min","128.277","μmol/L","Humid","21.363","deg","132204","µV","38.883","°C","1014.000","hPa","36.0","pmil","0","55.560","deg","20.000","°C","100.000","%a.s.","22.340","deg","20.000","°C","962.000","hPa","0.861","-0.02617","0.00035","0","0","13.56","Humid","31.50","0","54.10","283917.27","SABD0002000014","AAV2.0.0.13","3.0.1.1413","PSt7-10","180509-029","9/13/2019 10:47:01 AM","0000-00","0","no battery","V"
"10/22/2019","10:43:09","10","default","328281339","OXY_CH10","19.797","min","128.344","μmol/L","Humid","21.360","deg","132208","µV","38.877","°C","1014.000","hPa","36.0","pmil","0","55.560","deg","20.000","°C","100.000","%a.s.","22.340","deg","20.000","°C","962.000","hPa","0.861","-0.02617","0.00035","0","0","13.56","Humid","31.50","0","54.10","283926.85","SABD0002000014","AAV2.0.0.13","3.0.1.1413","PSt7-10","180509-029","9/13/2019 10:47:01 AM","0000-00","0","no battery","V"
"10/22/2019","10:43:10","10","default","328281339","OXY_CH10","19.814","min","128.265","μmol/L","Humid","21.364","deg","132203","µV","38.883","°C","1014.000","hPa","36.0","pmil","0","55.560","deg","20.000","°C","100.000","%a.s.","22.340","deg","20.000","°C","962.000","hPa","0.861","-0.02617","0.00035","0","0","13.56","Humid","31.50","0","54.10","283917.83","SABD0002000014","AAV2.0.0.13","3.0.1.1413","PSt7-10","180509-029","9/13/2019 10:47:01 AM","0000-00","0","no battery","V"
"10/22/2019","10:43:11","10","default","328281339","OXY_CH10","19.831","min","128.277","μmol/L","Humid","21.363","deg","132208","µV","38.883","°C","1014.000","hPa","36.0","pmil","0","55.560","deg","20.000","°C","100.000","%a.s.","22.340","deg","20.000","°C","962.000","hPa","0.861","-0.02617","0.00035","0","0","13.56","Humid","31.50","0","54.10","283927.61","SABD0002000014","AAV2.0.0.13","3.0.1.1413","PSt7-10","180509-029","9/13/2019 10:47:01 AM","0000-00","0","no battery","V"
"10/22/2019","10:43:12","10","default","328281339","OXY_CH10","19.847","min","128.333","μmol/L","Humid","21.361","deg","132216","µV","38.877","°C","1014.000","hPa","36.0","pmil","0","55.560","deg","20.000","°C","100.000","%a.s.","22.340","deg","20.000","°C","962.000","hPa","0.861","-0.02617","0.00035","0","0","13.56","Humid","31.50","0","54.10","283912.23","SABD0002000014","AAV2.0.0.13","3.0.1.1413","PSt7-10","180509-029","9/13/2019 10:47:01 AM","0000-00","0","no battery","V"
"10/22/2019","10:43:13","10","default","328281339","OXY_CH10","19.864","min","128.344","μmol/L","Humid","21.363","deg","132216","µV","38.871","°C","1014.000","hPa","36.0","pmil","0","55.560","deg","20.000","°C","100.000","%a.s.","22.340","deg","20.000","°C","962.000","hPa","0.861","-0.02617","0.00035","0","0","13.56","Humid","31.50","0","54.10","283923.41","SABD0002000014","AAV2.0.0.13","3.0.1.1413","PSt7-10","180509-029","9/13/2019 10:47:01 AM","0000-00","0","no battery","V"
"10/22/2019","10:43:14","10","default","328281339","OXY_CH10","19.880","min","128.288","μmol/L","Humid","21.365","deg","132213","µV","38.877","°C","1014.000","hPa","36.0","pmil","0","55.560","deg","20.000","°C","100.000","%a.s.","22.340","deg","20.000","°C","962.000","hPa","0.861","-0.02617","0.00035","0","0","13.56","Humid","31.50","0","54.10","283918.36","SABD0002000014","AAV2.0.0.13","3.0.1.1413","PSt7-10","180509-029","9/13/2019 10:47:01 AM","0000-00","0","no battery","V"
"10/22/2019","10:43:15","10","default","328281339","OXY_CH10","19.897","min","128.276","μmol/L","Humid","21.366","deg","132226","µV","38.877","°C","1014.000","hPa","36.0","pmil","0","55.560","deg","20.000","°C","100.000","%a.s.","22.340","deg","20.000","°C","962.000","hPa","0.861","-0.02617","0.00035","0","0","13.56","Humid","31.50","0","54.10","283916.64","SABD0002000014","AAV2.0.0.13","3.0.1.1413","PSt7-10","180509-029","9/13/2019 10:47:01 AM","0000-00","0","no battery","V"
"10/22/2019","10:43:16","10","default","328281339","OXY_CH10","19.913","min","128.254","μmol/L","Humid","21.365","deg","132226","µV","38.883","°C","1014.000","hPa","36.0","pmil","0","55.560","deg","20.000","°C","100.000","%a.s.","22.340","deg","20.000","°C","962.000","hPa","0.861","-0.02617","0.00035","0","0","13.56","Humid","31.50","0","54.10","283921.44","SABD0002000014","AAV2.0.0.13","3.0.1.1413","PSt7-10","180509-029","9/13/2019 10:47:01 AM","0000-00","0","no battery","V"
"10/22/2019","10:43:17","10","default","328281339","OXY_CH10","19.930","min","128.276","μmol/L","Humid","21.366","deg","132225","µV","38.877","°C","1014.000","hPa","36.0","pmil","0","55.560","deg","20.000","°C","100.000","%a.s.","22.340","deg","20.000","°C","962.000","hPa","0.861","-0.02617","0.00035","0","0","13.56","Humid","31.50","0","54.10","283916.92","SABD0002000014","AAV2.0.0.13","3.0.1.1413","PSt7-10","180509-029","9/13/2019 10:47:01 AM","0000-00","0","no battery","V"
"10/22/2019","10:43:18","10","default","328281339","OXY_CH10","19.947","min","128.231","μmol/L","Humid","21.367","deg","132226","µV","38.883","°C","1014.000","hPa","36.0","pmil","0","55.560","deg","20.000","°C","100.000","%a.s.","22.340","deg","20.000","°C","962.000","hPa","0.861","-0.02617","0.00035","0","0","13.56","Humid","31.50","0","54.10","283926.43","SABD0002000014","AAV2.0.0.13","3.0.1.1413","PSt7-10","180509-029","9/13/2019 10:47:01 AM","0000-00","0","no battery","V"
"10/22/2019","10:43:19","10","default","328281339","OXY_CH10","19.964","min","128.220","μmol/L","Humid","21.368","deg","132228","µV","38.883","°C","1014.000","hPa","36.0","pmil","0","55.560","deg","20.000","°C","100.000","%a.s.","22.340","deg","20.000","°C","962.000","hPa","0.861","-0.02617","0.00035","0","0","13.56","Humid","31.50","0","54.10","283925.21","SABD0002000014","AAV2.0.0.13","3.0.1.1413","PSt7-10","180509-029","9/13/2019 10:47:01 AM","0000-00","0","no battery","V"
"10/22/2019","10:43:20","10","default","328281339","OXY_CH10","19.981","min","128.276","μmol/L","Humid","21.366","deg","132228","µV","38.877","°C","1014.000","hPa","36.0","pmil","0","55.560","deg","20.000","°C","100.000","%a.s.","22.340","deg","20.000","°C","962.000","hPa","0.861","-0.02617","0.00035","0","0","13.56","Humid","31.50","0","54.10","283931.27","SABD0002000014","AAV2.0.0.13","3.0.1.1413","PSt7-10","180509-029","9/13/2019 10:47:01 AM","0000-00","0","no battery","V"
"10/22/2019","10:43:21","10","default","328281339","OXY_CH10","19.997","min","128.254","μmol/L","Humid","21.365","deg","132233","µV","38.883","°C","1014.000","hPa","36.0","pmil","0","55.560","deg","20.000","°C","100.000","%a.s.","22.340","deg","20.000","°C","962.000","hPa","0.861","-0.02617","0.00035","0","0","13.56","Humid","31.50","0","54.10","283932.20","SABD0002000014","AAV2.0.0.13","3.0.1.1413","PSt7-10","180509-029","9/13/2019 10:47:01 AM","0000-00","0","no battery","V"
"10/22/2019","10:43:22","10","default","328281339","OXY_CH10","20.014","min","128.220","μmol/L","Humid","21.368","deg","132233","µV","38.883","°C","1014.000","hPa","36.0","pmil","0","55.560","deg","20.000","°C","100.000","%a.s.","22.340","deg","20.000","°C","962.000","hPa","0.861","-0.02617","0.00035","0","0","13.56","Humid","31.50","0","54.10","283924.68","SABD0002000014","AAV2.0.0.13","3.0.1.1413","PSt7-10","180509-029","9/13/2019 10:47:01 AM","0000-00","0","no battery","V"
"10/22/2019","10:43:23","10","default","328281339","OXY_CH10","20.031","min","128.209","μmol/L","Humid","21.369","deg","132235","µV","38.883","°C","1014.000","hPa","36.0","pmil","0","55.560","deg","20.000","°C","100.000","%a.s.","22.340","deg","20.000","°C","962.000","hPa","0.861","-0.02617","0.00035","0","0","13.56","Humid","31.50","0","54.10","283919.27","SABD0002000014","AAV2.0.0.13","3.0.1.1413","PSt7-10","180509-029","9/13/2019 10:47:01 AM","0000-00","0","no battery","V"
"10/22/2019","10:43:24","10","default","328281339","OXY_CH10","20.047","min","128.231","μmol/L","Humid","21.367","deg","132237","µV","38.883","°C","1014.000","hPa","36.0","pmil","0","55.560","deg","20.000","°C","100.000","%a.s.","22.340","deg","20.000","°C","962.000","hPa","0.861","-0.02617","0.00035","0","0","13.56","Humid","31.50","0","54.10","283928.89","SABD0002000014","AAV2.0.0.13","3.0.1.1413","PSt7-10","180509-029","9/13/2019 10:47:01 AM","0000-00","0","no battery","V"
"10/22/2019","10:43:25","10","default","328281339","OXY_CH10","20.064","min","128.231","μmol/L","Humid","21.370","deg","132242","µV","38.877","°C","1014.000","hPa","36.0","pmil","0","55.560","deg","20.000","°C","100.000","%a.s.","22.340","deg","20.000","°C","962.000","hPa","0.861","-0.02617","0.00035","0","0","13.56","Humid","31.50","0","54.10","283926.99","SABD0002000014","AAV2.0.0.13","3.0.1.1413","PSt7-10","180509-029","9/13/2019 10:47:01 AM","0000-00","0","no battery","V"
"10/22/2019","10:43:26","10","default","328281339","OXY_CH10","20.081","min","128.276","μmol/L","Humid","21.366","deg","132236","µV","38.877","°C","1014.000","hPa","36.0","pmil","0","55.560","deg","20.000","°C","100.000","%a.s.","22.340","deg","20.000","°C","962.000","hPa","0.861","-0.02617","0.00035","0","0","13.56","Humid","31.50","0","54.10","283917.10","SABD0002000014","AAV2.0.0.13","3.0.1.1413","PSt7-10","180509-029","9/13/2019 10:47:01 AM","0000-00","0","no battery","V"

"Date","Time","delta_t","Device_Serial","Channel","User","Annotation"
